1.0394
1.0369
1.02
1.012
1.0076
1.0042
0.9986
0.99491
0.9899
0.98678
0.98315
0.9802
0.97856
0.9765
0.97334
0.96927
0.96861
0.96788
0.96754
0.96743
1.038
1.0378
1.0373
1.0373
1.0367
1.0366
1.0363
1.0362
1.0363
1.0362
1.0365
1.0191
1.018
1.011
1.0115
1.0115
1.0111
1.0111
1.0111
1.0109
1.0108
1.0109
1.0076
1.0076
1.0076
1.0042
0.99799
0.99795
0.9974
0.99733
0.99693
0.99691
0.99656
0.99652
0.99607
0.99583
0.99577
0.99574
0.99581
0.99573
0.99572
0.99584
0.99579
0.99575
0.99572
0.99577
0.99573
0.98975
0.98973
0.98641
0.98639
0.98619
0.98614
0.98614
0.98616
0.9861
0.98307
0.98014
0.9801
0.97844
0.97839
0.9759
0.97582
0.97535
0.97528
0.97527
0.97525
0.97528
0.97495
0.97486
0.9748
0.97484
0.97477
0.97472
0.97461
0.97452
0.97449
0.97441
0.97593
0.97591
0.9756
0.97545
0.97533
0.97542
0.97524
0.97528
0.97518
0.97524
0.97327
0.96922
0.96851
0.96847
0.96769
0.96749
0.96722
0.96714
0.96714
0.96708
0.96711
0.96702
0.96668
0.96664
0.96658
0.9675
0.99465
1.05
