-0.21426
-0.27424
-0.39965
-0.46142
-0.52919
-0.58159
-0.66039
-0.71551
-0.7909
-0.83725
-0.89147
-0.93636
-0.96222
-0.99444
-1.0456
-1.1106
-1.1213
-1.1331
-1.1391
-1.1414
-0.23791
-0.23899
-0.24828
-0.24856
-0.2587
-0.2597
-0.26533
-0.26563
-0.26571
-0.26561
-0.27765
-0.40729
-0.40906
-0.46813
-0.47077
-0.4709
-0.4777
-0.47802
-0.47816
-0.48142
-0.48243
-0.48173
-0.52984
-0.52989
-0.52934
-0.58195
-0.66999
-0.67047
-0.67924
-0.67961
-0.68689
-0.68704
-0.69277
-0.69297
-0.70095
-0.70321
-0.70396
-0.70428
-0.70335
-0.70445
-0.7045
-0.70462
-0.70517
-0.70565
-0.70654
-0.70534
-0.70578
-0.79369
-0.79396
-0.84244
-0.84261
-0.84552
-0.84588
-0.84602
-0.84572
-0.84597
-0.89197
-0.93677
-0.93705
-0.96274
-0.96301
-1.0039
-1.0047
-1.0122
-1.013
-1.0131
-1.0134
-1.0127
-1.0183
-1.019
-1.0196
-1.0191
-1.02
-1.0217
-1.0225
-1.0248
-1.025
-1.0255
-1.0026
-1.0028
-1.0073
-1.0081
-1.0088
-1.0084
-1.0092
-1.0119
-1.0124
-1.0123
-1.0466
-1.1111
-1.1223
-1.1228
-1.1344
-1.1396
-1.1423
-1.1431
-1.1432
-1.1436
-1.1453
-1.1459
-1.1519
-1.1523
-1.1526
-1.1395
-0.71793
0
