# 0 1 2 3 4 5 6 7 8 9 10 11 12 13 14 15 16 17 18 19 20 21 22 23 24 25 26 27 28 29 30 31 32 33 34 35 36 37 38 G
1 0 0.616308 -0.0154044 -0.00486633 0.0264671 -0.0323958 -0.00103198 -0.00306873 -0.00334581 0.000792401 -0.00138828 0.00643643 0.00178108 0.000375906 -0.00037755 -0.000881096 -0.00058147 0.000158475 0.00199146 -0.00136648 -0.00125 -0.000729308 -0.00131372 -0.00131798 -0.00131997 -0.00132238 -0.00132425 -0.00132586 -0.00132731 -0.00132868 -0.00132955 -0.00133031 -0.00133097 -0.00133143 -0.00133184 -0.00133214 -0.0013324 -0.00133249 -0.00133259 -0.21426
2 0.616297 0.597187 -0.019155 0.0470294 -0.00339942 -0.0310437 -0.00268517 -0.00590641 -0.0015615 0.000221345 0.00716097 0.010777 0.00480594 0.00267405 0.00125715 0.00115226 0.00221925 0.00497586 0.0033719 0.000151909 0.00077905 0.000763539 0.000176958 0.000171865 0.000168413 0.00016491 0.000162049 0.000159477 0.000157024 0.000155061 0.000153636 0.000152377 0.000151365 0.000150558 0.000149898 0.000149365 0.000149026 0.000148838 0.000148715 -0.27424
3 0 0 0.0634454 -0.00952359 -0.00587214 -0.036793 -0.00888188 -0.00616293 -0.00463538 0.00782523 0.00961493 0.0116765 0.00494456 0.00208402 0.00128525 0.00197329 0.00518644 0.00427106 0.00293948 0.000262525 0.000390233 0.000371653 -0.0002166 -0.000223618 -0.000228546 -0.000233356 -0.000237448 -0.000241253 -0.000244463 -0.000247103 -0.000249133 -0.000250826 -0.000252235 -0.000253334 -0.000254263 -0.000254888 -0.000255333 -0.000255547 -0.000255686 -0.39965
4 0 0.627952 -0.0696357 -0.0495033 -0.0449796 -0.0667078 -0.0311454 -0.0309331 -0.0111551 -0.0034235 -0.00215958 -0.000197547 -0.00645033 -0.00830907 -0.00740836 -0.00319651 -0.00328568 -0.00364006 -0.00401959 -0.00717624 -0.00705012 -0.00706981 -0.00765942 -0.00766772 -0.00767381 -0.00767974 -0.00768501 -0.00768952 -0.00769337 -0.0076966 -0.00769905 -0.00770114 -0.00770284 -0.00770422 -0.00770524 -0.00770598 -0.00770645 -0.00770668 -0.00770683 -0.46142
5 0 0.520571 -0.0923699 -0.0770694 -0.0544392 -0.0752345 -0.0431584 -0.0172422 -0.0081687 -0.00202463 -0.00192155 -1.38488e-05 -0.00635787 -0.00648358 -0.00242047 -0.00300621 -0.00306328 -0.00260373 -0.0038375 -0.00699592 -0.00687101 -0.00689208 -0.00748303 -0.0074925 -0.00749975 -0.00750692 -0.00751292 -0.00751809 -0.00752256 -0.00752623 -0.00752911 -0.00753151 -0.00753352 -0.00753499 -0.00753614 -0.0075369 -0.00753739 -0.00753763 -0.00753778 -0.52919
6 0.497343 0.503459 -0.112882 -0.0668994 -0.0547837 -0.0809398 -0.019012 -0.011224 -0.00492986 -0.000568457 -0.000779191 0.000854807 -0.00378601 -0.000899785 -0.00227436 -0.0027773 -0.00200906 -0.00244756 -0.00368388 -0.00684426 -0.00672149 -0.00674474 -0.00733754 -0.00734882 -0.00735781 -0.00736609 -0.00737305 -0.00737907 -0.00738415 -0.00738837 -0.00739164 -0.0073944 -0.00739653 -0.00739814 -0.00739932 -0.00740011 -0.00740061 -0.00740086 -0.00740101 -0.58159
7 0 0 -0.0478971 -0.0224686 -0.0206706 -0.0220001 0.0151839 0.016691 0.0191429 0.019701 0.0186875 0.0202898 0.0164833 0.0122818 0.0105806 0.0101838 0.0100589 0.00961755 0.00837913 0.00521653 0.0053371 0.00531226 0.00471782 0.004705 0.00469507 0.00468596 0.00467823 0.00467166 0.00466607 0.00466147 0.00465784 0.00465496 0.00465269 0.00465104 0.00464984 0.00464904 0.00464853 0.00464829 0.00464814 -0.66039
8 0 0.570868 -0.0454786 -0.0334332 0.00168341 -0.0184551 0.0138766 0.0181954 0.0191999 0.0223564 0.0216582 0.0259567 0.0165565 0.0133348 0.0120905 0.0115414 0.0114151 0.0109731 0.00973358 0.00656974 0.00668955 0.00666344 0.00606777 0.0060542 0.00604356 0.00603377 0.00602556 0.00601851 0.00601256 0.0060076 0.00600386 0.00600083 0.00599852 0.00599685 0.00599564 0.00599483 0.00599433 0.00599408 0.00599393 -0.71551
9 0.569313 0.569313 -0.0505181 -0.00234849 0.00903555 -0.0172587 0.0185362 0.0172718 0.0202398 0.0235554 0.0255594 0.0239318 0.0160387 0.0133661 0.0120948 0.0115418 0.0114122 0.0109665 0.00972362 0.00655711 0.00667398 0.00664555 0.00604822 0.00603331 0.00602152 0.00601089 0.00600194 0.00599435 0.00598792 0.0059828 0.00597887 0.0059758 0.00597346 0.00597177 0.00597056 0.00596975 0.00596925 0.005969 0.00596885 -0.7909
10 0 0 0.0057166 0.0243828 0.0285079 0.00563036 0.0305095 0.0307646 0.0316423 0.0357238 0.030373 0.0299527 0.0220523 0.0194221 0.0181493 0.017595 0.0174642 0.0170172 0.0157735 0.0126056 0.0127214 0.012692 0.0120939 0.0120781 0.0120657 0.0120545 0.0120451 0.0120371 0.0120305 0.0120252 0.0120212 0.0120181 0.0120158 0.0120141 0.0120129 0.0120121 0.0120116 0.0120113 0.0120112 -0.83725
11 0 0.622384 0.0060394 0.0206872 0.0311019 -0.00419408 0.0275949 0.0266908 0.031406 0.0299058 0.0272687 0.0273614 0.0201104 0.0174781 0.0162034 0.0156473 0.0155145 0.0150662 0.0138205 0.0106511 0.0107655 0.0107352 0.0101361 0.0101196 0.0101065 0.0100948 0.0100849 0.0100767 0.01007 0.0100646 0.0100606 0.0100575 0.0100551 0.0100534 0.0100522 0.0100514 0.0100509 0.0100507 0.0100505 -0.89147
12 0.62054 0.62054 0.00364588 0.0253228 0.0212528 -0.00547579 0.0251763 0.0281721 0.026459 0.0279576 0.0259027 0.0265801 0.0193266 0.0166918 0.0154148 0.0148562 0.0147217 0.014271 0.0130235 0.00985234 0.00996556 0.00993381 0.00933372 0.00931634 0.00930257 0.00929024 0.00928014 0.00927173 0.0092649 0.00925952 0.0092555 0.00925238 0.00925002 0.00924833 0.00924711 0.0092463 0.00924579 0.00924555 0.00924539 -0.93636
13 0 0 0.0496311 0.0130954 0.018332 -0.00941058 0.0270491 0.0220208 0.0231225 0.0252888 0.0238046 0.0244821 0.0172288 0.0145942 0.0133171 0.0127588 0.012624 0.0121734 0.0109258 0.00775496 0.00786801 0.00783601 0.0072356 0.00721784 0.00720362 0.00719116 0.00718086 0.0071724 0.00716555 0.00716015 0.00715613 0.007153 0.00715064 0.00714895 0.00714773 0.00714692 0.00714642 0.00714617 0.00714602 -0.96222
14 0 0 -0.0170947 0.00196979 0.0105638 -0.00838392 0.0183475 0.0175917 0.0199161 0.0225784 0.0210921 0.0217681 0.0145131 0.0118765 0.010598 0.0100379 0.00990178 0.00944977 0.00820125 0.00502912 0.00514097 0.00510799 0.00450671 0.00448819 0.00447371 0.00446096 0.00445058 0.00444208 0.0044352 0.00442979 0.00442577 0.00442264 0.00442028 0.00441859 0.00441737 0.00441656 0.00441606 0.00441581 0.00441565 -0.99444
15 0 0.609842 -0.0110823 0.00421842 0.00822791 -0.0247246 0.00613191 0.00877124 0.0112804 0.0139428 0.0124571 0.0131336 0.00587856 0.0032427 0.00196407 0.00140435 0.00126802 0.000816678 -0.00043173 -0.00360388 -0.003492 -0.00352503 -0.00412674 -0.00414518 -0.00415987 -0.00417263 -0.00418303 -0.00419155 -0.00419843 -0.00420384 -0.00420786 -0.00421099 -0.00421335 -0.00421504 -0.00421626 -0.00421707 -0.00421757 -0.00421782 -0.00421798 -1.0456
16 0.648145 0.637961 0.0216201 0.0158261 0.0108958 -0.0185576 0.0136359 0.0141505 0.0166548 0.0193132 0.0178232 0.0184952 0.0112366 0.00859665 0.00731478 0.00675179 0.00661305 0.0061586 0.00490743 0.00173302 0.00184299 0.00180846 0.00120622 0.00118721 0.00117239 0.00115954 0.0011491 0.00114057 0.00113368 0.00112827 0.00112424 0.00112112 0.00111876 0.00111706 0.00111584 0.00111504 0.00111453 0.00111428 0.00111413 -1.1106
17 0 0 -0.0126908 -0.0071769 -0.0030995 -0.0260025 0.00591201 0.00642638 0.00893027 0.0115882 0.0100979 0.0107696 0.00351061 0.000870401 -0.000411782 -0.000975059 -0.00111407 -0.00156872 -0.0028201 -0.00599475 -0.00588497 -0.00591969 -0.00652211 -0.00654122 -0.00655611 -0.006569 -0.00657945 -0.00658799 -0.00659488 -0.00660029 -0.00660432 -0.00660745 -0.0066098 -0.0066115 -0.00661272 -0.00661353 -0.00661403 -0.00661428 -0.00661443 -1.1213
18 0 0.614948 -0.0173551 -0.00418775 0.00343236 -0.0232504 0.00866331 0.00917675 0.0116798 0.0143369 0.0128459 0.0135168 0.00625715 0.00361626 0.00233346 0.00176962 0.00163012 0.00117498 -7.6901e-05 -0.00325196 -0.00314255 -0.00317756 -0.00378015 -0.00379937 -0.00381431 -0.00382722 -0.00383768 -0.00384622 -0.00385311 -0.00385852 -0.00386255 -0.00386568 -0.00386803 -0.00386973 -0.00387095 -0.00387176 -0.00387226 -0.00387251 -0.00387266 -1.1331
19 0.591439 0.580478 -0.0358639 -0.0205635 -0.0158143 -0.0424978 -0.0105848 -0.0100722 -0.00757 -0.00491351 -0.00640521 -0.0057349 -0.0129952 -0.0156366 -0.01692 -0.0174843 -0.0176242 -0.0180798 -0.0193321 -0.0225075 -0.0223984 -0.0224337 -0.0230364 -0.0230557 -0.0230707 -0.0230836 -0.0230941 -0.0231026 -0.0231095 -0.0231149 -0.023119 -0.0231221 -0.0231244 -0.0231261 -0.0231274 -0.0231282 -0.0231287 -0.0231289 -0.0231291 -1.1391
20 0.54042 0.54042 -0.0759216 -0.0606212 -0.0558722 -0.0825557 -0.0506428 -0.0501303 -0.0476281 -0.0449717 -0.0464635 -0.0457932 -0.0530535 -0.0556951 -0.0569784 -0.0575428 -0.0576828 -0.0581384 -0.0593907 -0.0625662 -0.0624571 -0.0624924 -0.0630951 -0.0631145 -0.0631294 -0.0631423 -0.0631528 -0.0631614 -0.0631682 -0.0631737 -0.0631777 -0.0631808 -0.0631832 -0.0631849 -0.0631861 -0.0631869 -0.0631874 -0.0631876 -0.0631878 -1.1414
21 0 0.608332 -0.0218585 -0.0362381 -0.0121779 -0.038861 -0.00694754 -0.00643437 -0.00393181 -0.00127505 -0.00276652 -0.00209608 -0.00935612 -0.0119973 -0.0132803 -0.0138444 -0.0139841 -0.0144395 -0.0156916 -0.0188667 -0.0187572 -0.0187921 -0.0193946 -0.0194137 -0.0194286 -0.0194415 -0.0194519 -0.0194605 -0.0194674 -0.0194728 -0.0194768 -0.0194799 -0.0194823 -0.019484 -0.0194852 -0.019486 -0.0194865 -0.0194868 -0.0194869 -0.23791
22 0.608325 0.608325 -0.00801612 0.00728426 0.0120334 -0.0146502 0.0172627 0.0177752 0.0202774 0.0229338 0.021442 0.0221123 0.014852 0.0122104 0.0109271 0.0103627 0.0102227 0.00976711 0.00851477 0.00533931 0.00544838 0.0054131 0.00481036 0.00479105 0.00477608 0.00476316 0.0047527 0.00474416 0.00473727 0.00473185 0.00472783 0.0047247 0.00472234 0.00472065 0.00471943 0.00471862 0.00471811 0.00471787 0.00471771 -0.23899
23 0 0.540422 -0.0857376 -0.0264968 -0.0217475 -0.0484306 -0.0165172 -0.0160042 -0.0135018 -0.0108451 -0.0123366 -0.0116663 -0.0189263 -0.0215675 -0.0228506 -0.0234148 -0.0235545 -0.02401 -0.0252621 -0.0284372 -0.0283278 -0.0283628 -0.0289654 -0.0289846 -0.0289995 -0.0290124 -0.0290229 -0.0290314 -0.0290383 -0.0290437 -0.0290478 -0.0290509 -0.0290532 -0.0290549 -0.0290562 -0.029057 -0.0290575 -0.0290577 -0.0290579 -0.24828
24 0.54042 0.54042 -0.0759216 -0.0606212 -0.0558722 -0.0825557 -0.0506428 -0.0501303 -0.0476281 -0.0449717 -0.0464635 -0.0457932 -0.0530535 -0.0556951 -0.0569784 -0.0575428 -0.0576828 -0.0581384 -0.0593907 -0.0625662 -0.0624571 -0.0624924 -0.0630951 -0.0631145 -0.0631294 -0.0631423 -0.0631528 -0.0631614 -0.0631682 -0.0631737 -0.0631777 -0.0631808 -0.0631832 -0.0631849 -0.0631861 -0.0631869 -0.0631874 -0.0631876 -0.0631878 -0.24856
25 0 0.528086 -0.0380552 -0.0227549 -0.0180057 -0.0446891 -0.0127759 -0.0122633 -0.00976108 -0.00710453 -0.00859622 -0.00792594 -0.0151861 -0.0178276 -0.0191109 -0.0196752 -0.019815 -0.0202706 -0.0215228 -0.0246982 -0.024589 -0.0246242 -0.0252268 -0.0252461 -0.0252611 -0.025274 -0.0252845 -0.025293 -0.0252999 -0.0253053 -0.0253093 -0.0253125 -0.0253148 -0.0253165 -0.0253177 -0.0253186 -0.0253191 -0.0253193 -0.0253195 -0.2587
26 0.523278 0.523278 -0.0930628 -0.0777624 -0.0730133 -0.0996969 -0.067784 -0.0672715 -0.0647693 -0.0621129 -0.0636046 -0.0629344 -0.0701947 -0.0728363 -0.0741196 -0.074684 -0.074824 -0.0752796 -0.0765319 -0.0797074 -0.0795983 -0.0796336 -0.0802363 -0.0802556 -0.0802706 -0.0802835 -0.080294 -0.0803025 -0.0803094 -0.0803148 -0.0803189 -0.080322 -0.0803243 -0.080326 -0.0803273 -0.0803281 -0.0803286 -0.0803288 -0.080329 -0.2597
27 0.536911 0.600442 -0.0158997 -0.000599367 0.00414973 -0.0225338 0.00937909 0.00989162 0.0123938 0.0150502 0.0135585 0.0142287 0.0069684 0.00432686 0.00304349 0.0024791 0.00233917 0.00188355 0.000631217 -0.00254424 -0.00243517 -0.00247044 -0.00307318 -0.00309248 -0.00310746 -0.00312038 -0.00313084 -0.00313938 -0.00314627 -0.00315168 -0.00315571 -0.00315884 -0.00316119 -0.00316289 -0.00316411 -0.00316491 -0.00316542 -0.00316567 -0.00316582 -0.26533
28 0.643501 0.643501 0.02716 0.0424604 0.0472095 0.0205259 0.0524388 0.0529513 0.0554535 0.0581099 0.0566181 0.0572884 0.0500281 0.0473865 0.0461032 0.0455388 0.0453988 0.0449432 0.0436909 0.0405154 0.0406245 0.0405892 0.0399865 0.0399672 0.0399522 0.0399393 0.0399288 0.0399203 0.0399134 0.039908 0.0399039 0.0399008 0.0398984 0.0398967 0.0398955 0.0398947 0.0398942 0.039894 0.0398938 -0.26563
29 0.480887 0.480887 -0.135454 -0.120153 -0.115404 -0.142088 -0.110175 -0.109663 -0.10716 -0.104504 -0.105996 -0.105325 -0.112586 -0.115227 -0.116511 -0.117075 -0.117215 -0.117671 -0.118923 -0.122098 -0.121989 -0.122025 -0.122627 -0.122647 -0.122662 -0.122675 -0.122685 -0.122694 -0.1227 -0.122706 -0.12271 -0.122713 -0.122715 -0.122717 -0.122718 -0.122719 -0.12272 -0.12272 -0.12272 -0.26571
30 0.640957 0.640957 0.0246155 0.0399158 0.0446649 0.0179814 0.0498943 0.0504068 0.0529089 0.0555654 0.0540736 0.0547439 0.0474836 0.044842 0.0435586 0.0429942 0.0428543 0.0423987 0.0411463 0.0379709 0.03808 0.0380447 0.0374419 0.0374226 0.0374077 0.0373947 0.0373843 0.0373757 0.0373688 0.0373634 0.0373594 0.0373563 0.0373539 0.0373522 0.037351 0.0373502 0.0373497 0.0373494 0.0373493 -0.26561
31 0.5747 0.5747 -0.0416415 -0.0263411 -0.021592 -0.0482756 -0.0163627 -0.0158502 -0.013348 -0.0106916 -0.0121834 -0.0115131 -0.0187734 -0.021415 -0.0226983 -0.0232627 -0.0234027 -0.0238583 -0.0251106 -0.0282861 -0.028177 -0.0282123 -0.028815 -0.0288343 -0.0288493 -0.0288622 -0.0288727 -0.0288812 -0.0288881 -0.0288935 -0.0288976 -0.0289007 -0.028903 -0.0289047 -0.028906 -0.0289068 -0.0289073 -0.0289075 -0.0289077 -0.27765
32 0 0.711852 0.09551 0.11081 0.11556 0.0888761 0.120789 0.121301 0.123804 0.12646 0.124968 0.125639 0.118378 0.115737 0.114453 0.113889 0.113749 0.113294 0.112041 0.108866 0.108975 0.10894 0.108337 0.108318 0.108303 0.10829 0.108279 0.108271 0.108264 0.108258 0.108254 0.108251 0.108249 0.108247 0.108246 0.108245 0.108245 0.108244 0.108244 -0.40729
33 0.711847 0.711847 0.0955057 0.110806 0.115555 0.0888717 0.120785 0.121297 0.123799 0.126456 0.124964 0.125634 0.118374 0.115732 0.114449 0.113885 0.113745 0.113289 0.112037 0.108861 0.10897 0.108935 0.108332 0.108313 0.108298 0.108285 0.108275 0.108266 0.108259 0.108254 0.10825 0.108247 0.108244 0.108243 0.108241 0.10824 0.10824 0.10824 0.10824 -0.40906
34 0.627915 0.627915 0.0115737 0.0268741 0.0316232 0.00493966 0.0368525 0.037365 0.0398672 0.0425236 0.0410319 0.0417021 0.0344418 0.0318003 0.0305169 0.0299525 0.0298126 0.0293569 0.0281046 0.0249291 0.0250382 0.0250029 0.0244002 0.0243809 0.0243659 0.024353 0.0243425 0.024334 0.0243271 0.0243217 0.0243177 0.0243145 0.0243122 0.0243105 0.0243093 0.0243085 0.0243079 0.0243077 0.0243075 -0.46813
35 0 0.588003 -0.036321 -0.0378495 -0.0331003 -0.0597833 -0.02787 -0.027357 -0.0248546 -0.0221978 -0.0236893 -0.0230186 -0.0302786 -0.0329197 -0.0342028 -0.0347668 -0.0349064 -0.0353616 -0.0366135 -0.0397885 -0.0396792 -0.0397142 -0.0403168 -0.0403361 -0.040351 -0.0403639 -0.0403744 -0.0403829 -0.0403898 -0.0403952 -0.0403993 -0.0404024 -0.0404047 -0.0404064 -0.0404077 -0.0404085 -0.040409 -0.0404092 -0.0404094 -0.47077
36 0.588003 0.588003 -0.0283385 -0.0130381 -0.00828905 -0.0349726 -0.00305972 -0.00254719 -4.5043e-05 0.00261139 0.00111963 0.00178988 -0.00547043 -0.00811197 -0.00939535 -0.00995974 -0.0100997 -0.0105553 -0.0118076 -0.0149831 -0.014874 -0.0149093 -0.015512 -0.0155314 -0.0155463 -0.0155592 -0.0155697 -0.0155782 -0.0155851 -0.0155906 -0.0155946 -0.0155977 -0.0156001 -0.0156018 -0.015603 -0.0156038 -0.0156043 -0.0156045 -0.0156047 -0.4709
37 0 0.578718 -0.0548269 -0.0395267 -0.0347775 -0.0614609 -0.0295479 -0.0290352 -0.026533 -0.0238764 -0.0253681 -0.0246977 -0.0319579 -0.0345993 -0.0358826 -0.0364469 -0.0365867 -0.0370422 -0.0382944 -0.0414697 -0.0413606 -0.0413958 -0.0419985 -0.0420178 -0.0420327 -0.0420457 -0.0420561 -0.0420647 -0.0420715 -0.042077 -0.042081 -0.0420841 -0.0420865 -0.0420882 -0.0420894 -0.0420902 -0.0420907 -0.0420909 -0.0420911 -0.4777
38 0.60323 0.60323 -0.0131113 0.0021891 0.0069382 -0.0197453 0.0121675 0.0126801 0.0151822 0.0178386 0.0163469 0.0170171 0.00975682 0.00711528 0.0058319 0.00526751 0.00512758 0.00467195 0.00341962 0.000244153 0.000353221 0.00031794 -0.000284794 -0.000304104 -0.000319078 -0.000331997 -0.000342457 -0.000350998 -0.000357889 -0.000363302 -0.000367327 -0.000370455 -0.000372813 -0.000374508 -0.000375728 -0.000376534 -0.000377042 -0.000377289 -0.000377443 -0.47802
39 0.54042 0.54042 -0.0759216 -0.0606212 -0.0558722 -0.0825557 -0.0506428 -0.0501303 -0.0476281 -0.0449717 -0.0464635 -0.0457932 -0.0530535 -0.0556951 -0.0569784 -0.0575428 -0.0576828 -0.0581384 -0.0593907 -0.0625662 -0.0624571 -0.0624924 -0.0630951 -0.0631145 -0.0631294 -0.0631423 -0.0631528 -0.0631614 -0.0631682 -0.0631737 -0.0631777 -0.0631808 -0.0631832 -0.0631849 -0.0631861 -0.0631869 -0.0631874 -0.0631876 -0.0631878 -0.47816
40 0 0.549649 -0.0666929 -0.0513925 -0.0466433 -0.0733268 -0.0414139 -0.0409013 -0.0383992 -0.0357427 -0.0372344 -0.0365641 -0.0438244 -0.0464659 -0.0477493 -0.0483136 -0.0484535 -0.0489091 -0.0501614 -0.0533368 -0.0532277 -0.053263 -0.0538657 -0.053885 -0.0539 -0.0539129 -0.0539234 -0.0539319 -0.0539388 -0.0539442 -0.0539482 -0.0539514 -0.0539537 -0.0539554 -0.0539566 -0.0539574 -0.0539579 -0.0539582 -0.0539583 -0.48142
41 0.557541 0.557541 -0.0588 -0.0434996 -0.0387505 -0.0654341 -0.0335212 -0.0330087 -0.0305065 -0.0278501 -0.0293419 -0.0286716 -0.0359319 -0.0385735 -0.0398568 -0.0404212 -0.0405612 -0.0410168 -0.0422691 -0.0454446 -0.0453355 -0.0453708 -0.0459735 -0.0459928 -0.0460078 -0.0460207 -0.0460312 -0.0460397 -0.0460466 -0.046052 -0.0460561 -0.0460592 -0.0460616 -0.0460632 -0.0460645 -0.0460653 -0.0460658 -0.046066 -0.0460662 -0.48243
42 0.523278 0.523278 -0.0930628 -0.0777624 -0.0730133 -0.0996969 -0.067784 -0.0672715 -0.0647693 -0.0621129 -0.0636046 -0.0629344 -0.0701947 -0.0728363 -0.0741196 -0.074684 -0.074824 -0.0752796 -0.0765319 -0.0797074 -0.0795983 -0.0796336 -0.0802363 -0.0802556 -0.0802706 -0.0802835 -0.080294 -0.0803025 -0.0803094 -0.0803148 -0.0803189 -0.080322 -0.0803243 -0.080326 -0.0803273 -0.0803281 -0.0803286 -0.0803288 -0.080329 -0.48173
43 0.566729 0.566729 -0.0496119 -0.0343115 -0.0295624 -0.056246 -0.0243331 -0.0238206 -0.0213184 -0.018662 -0.0201538 -0.0194835 -0.0267438 -0.0293854 -0.0306687 -0.0312331 -0.0313731 -0.0318287 -0.033081 -0.0362565 -0.0361474 -0.0361827 -0.0367854 -0.0368047 -0.0368197 -0.0368326 -0.0368431 -0.0368516 -0.0368585 -0.0368639 -0.036868 -0.0368711 -0.0368734 -0.0368751 -0.0368764 -0.0368772 -0.0368777 -0.0368779 -0.0368781 -0.52984
44 0.579074 0.579074 -0.0372669 -0.0219665 -0.0172174 -0.0439009 -0.011988 -0.0114755 -0.00897338 -0.00631694 -0.0078087 -0.00713845 -0.0143988 -0.0170403 -0.0183237 -0.0188881 -0.019028 -0.0194836 -0.020736 -0.0239114 -0.0238024 -0.0238376 -0.0244404 -0.0244597 -0.0244747 -0.0244876 -0.024498 -0.0245066 -0.0245135 -0.0245189 -0.0245229 -0.024526 -0.0245284 -0.0245301 -0.0245313 -0.0245321 -0.0245326 -0.0245329 -0.024533 -0.52989
45 0.606988 0.606988 -0.00935346 0.00594691 0.010696 -0.0159875 0.0159253 0.0164379 0.01894 0.0215965 0.0201047 0.0207749 0.0135146 0.0108731 0.00958971 0.00902532 0.00888539 0.00842976 0.00717743 0.00400196 0.00411103 0.00407575 0.00347302 0.00345371 0.00343873 0.00342581 0.00341535 0.00340681 0.00339992 0.00339451 0.00339048 0.00338736 0.003385 0.0033833 0.00338208 0.00338128 0.00338077 0.00338052 0.00338037 -0.52934
46 0.588003 0.588003 -0.0283385 -0.0130381 -0.00828905 -0.0349726 -0.00305972 -0.00254719 -4.5043e-05 0.00261139 0.00111963 0.00178988 -0.00547043 -0.00811197 -0.00939535 -0.00995974 -0.0100997 -0.0105553 -0.0118076 -0.0149831 -0.014874 -0.0149093 -0.015512 -0.0155314 -0.0155463 -0.0155592 -0.0155697 -0.0155782 -0.0155851 -0.0155906 -0.0155946 -0.0155977 -0.0156001 -0.0156018 -0.015603 -0.0156038 -0.0156043 -0.0156045 -0.0156047 -0.58195
47 0 0.548553 -0.0114329 0.00219615 0.0209125 -0.00577094 0.0236788 0.0114576 0.00928913 0.0119467 0.0104561 0.0111275 0.00386826 0.00122787 -5.43284e-05 -0.000617562 -0.000756373 -0.00121083 -0.00246201 -0.00563641 -0.00552637 -0.00556081 -0.00616296 -0.00618186 -0.00619658 -0.00620938 -0.00621979 -0.00622831 -0.0062352 -0.00624061 -0.00624463 -0.00624776 -0.00625012 -0.00625181 -0.00625303 -0.00625384 -0.00625435 -0.00625459 -0.00625475 -0.66999
48 0.548549 0.548549 -0.0677917 -0.0524913 -0.0477423 -0.0744258 -0.0425129 -0.0420004 -0.0394982 -0.0368418 -0.0383336 -0.0376633 -0.0449236 -0.0475652 -0.0488485 -0.0494129 -0.0495529 -0.0500085 -0.0512608 -0.0544363 -0.0543272 -0.0543625 -0.0549652 -0.0549846 -0.0549995 -0.0550124 -0.0550229 -0.0550314 -0.0550383 -0.0550438 -0.0550478 -0.0550509 -0.0550533 -0.055055 -0.0550562 -0.055057 -0.0550575 -0.0550577 -0.0550579 -0.67047
49 0 0.647049 0.0212095 0.0424651 0.0472141 0.00206487 0.0175728 0.0121269 0.0146301 0.0172874 0.0157965 0.0164675 0.00920802 0.00656736 0.00528485 0.00472136 0.00458226 0.00412751 0.00287601 -0.000298635 -0.000188847 -0.000223534 -0.000825871 -0.000844911 -0.000859762 -0.000872618 -0.00088306 -0.000891595 -0.000898485 -0.000903898 -0.000907922 -0.000911051 -0.000913408 -0.000915103 -0.000916323 -0.000917129 -0.000917636 -0.000917884 -0.000918037 -0.67924
50 0.647047 0.647047 0.0307061 0.0460064 0.0507555 0.024072 0.0559849 0.0564974 0.0589995 0.061656 0.0601642 0.0608345 0.0535742 0.0509326 0.0496492 0.0490849 0.0489449 0.0484893 0.047237 0.0440615 0.0441706 0.0441353 0.0435325 0.0435132 0.0434983 0.0434853 0.0434749 0.0434663 0.0434595 0.043454 0.04345 0.0434469 0.0434445 0.0434428 0.0434416 0.0434408 0.0434403 0.0434401 0.0434399 -0.67961
51 0 0.588004 0.0234318 0.0387322 0.0229165 -0.0220763 0.00386853 0.00438192 0.00688491 0.00954201 0.00805087 0.00872181 0.00146217 -0.00117868 -0.00246131 -0.00302498 -0.00316423 -0.00361917 -0.00487079 -0.0080456 -0.00793598 -0.00797082 -0.00857327 -0.00859243 -0.00860733 -0.00862023 -0.00863068 -0.00863922 -0.00864611 -0.00865152 -0.00865555 -0.00865868 -0.00866103 -0.00866273 -0.00866395 -0.00866475 -0.00866526 -0.00866551 -0.00866566 -0.68689
52 0.588003 0.588003 -0.0283385 -0.0130381 -0.00828905 -0.0349726 -0.00305972 -0.00254719 -4.5043e-05 0.00261139 0.00111963 0.00178988 -0.00547043 -0.00811197 -0.00939535 -0.00995974 -0.0100997 -0.0105553 -0.0118076 -0.0149831 -0.014874 -0.0149093 -0.015512 -0.0155314 -0.0155463 -0.0155592 -0.0155697 -0.0155782 -0.0155851 -0.0155906 -0.0155946 -0.0155977 -0.0156001 -0.0156018 -0.015603 -0.0156038 -0.0156043 -0.0156045 -0.0156047 -0.68704
53 0 0.652848 0.0365063 0.0198128 0.00509402 -0.0278414 0.004072 0.00458514 0.00708781 0.00974462 0.00825329 0.00892404 0.00166413 -0.000976904 -0.00225979 -0.00282369 -0.00296321 -0.00341835 -0.00467021 -0.00784527 -0.00773587 -0.00777089 -0.0083735 -0.00839273 -0.00840768 -0.0084206 -0.00843106 -0.0084396 -0.00844649 -0.0084519 -0.00845592 -0.00845905 -0.00846141 -0.00846311 -0.00846433 -0.00846513 -0.00846564 -0.00846589 -0.00846604 -0.69277
54 0.652847 0.652847 0.0365055 0.0518059 0.056555 0.0298715 0.0617843 0.0622968 0.064799 0.0674554 0.0659637 0.0666339 0.0593736 0.0567321 0.0554487 0.0548843 0.0547444 0.0542887 0.0530364 0.0498609 0.04997 0.0499347 0.049332 0.0493127 0.0492977 0.0492848 0.0492743 0.0492658 0.0492589 0.0492535 0.0492495 0.0492463 0.049244 0.0492423 0.0492411 0.0492402 0.0492397 0.0492395 0.0492393 -0.69297
55 0 0 -0.00406313 -0.00936284 -0.0103088 -0.0369921 -0.00507899 -0.00456621 -0.00206386 0.000592716 -0.000898873 -0.000228422 -0.00748857 -0.0101299 -0.0114131 -0.0119773 -0.0121171 -0.0125725 -0.0138246 -0.0169999 -0.0168907 -0.0169259 -0.0175286 -0.0175479 -0.0175629 -0.0175758 -0.0175862 -0.0175948 -0.0176017 -0.0176071 -0.0176111 -0.0176142 -0.0176166 -0.0176183 -0.0176195 -0.0176203 -0.0176208 -0.0176211 -0.0176212 -0.70095
56 0 0.622033 -0.0335988 -0.0234068 -0.0186577 -0.0453412 -0.0134283 -0.0129157 -0.0104135 -0.00775706 -0.00924879 -0.0085785 -0.0158388 -0.0184803 -0.0197636 -0.020328 -0.0204679 -0.0209235 -0.0221758 -0.0253512 -0.0252421 -0.0252774 -0.0258801 -0.0258994 -0.0259144 -0.0259273 -0.0259378 -0.0259463 -0.0259532 -0.0259586 -0.0259626 -0.0259658 -0.0259681 -0.0259698 -0.025971 -0.0259719 -0.0259724 -0.0259726 -0.0259728 -0.70321
57 0 0.51915 -0.0809177 -0.0656173 -0.0608682 -0.0875517 -0.0556388 -0.0551262 -0.0526241 -0.0499676 -0.0514593 -0.050789 -0.0580493 -0.0606908 -0.0619742 -0.0625386 -0.0626785 -0.0631341 -0.0643864 -0.0675618 -0.0674527 -0.067488 -0.0680907 -0.06811 -0.068125 -0.0681379 -0.0681484 -0.0681569 -0.0681638 -0.0681692 -0.0681732 -0.0681764 -0.0681787 -0.0681804 -0.0681816 -0.0681824 -0.0681829 -0.0681832 -0.0681834 -0.70396
58 0 0.558601 -0.0577402 -0.0424399 -0.0376907 -0.0643743 -0.0324614 -0.0319488 -0.0294467 -0.0267902 -0.028282 -0.0276117 -0.034872 -0.0375136 -0.0387969 -0.0393613 -0.0395012 -0.0399568 -0.0412092 -0.0443846 -0.0442755 -0.0443108 -0.0449135 -0.0449328 -0.0449478 -0.0449607 -0.0449712 -0.0449797 -0.0449866 -0.044992 -0.0449961 -0.0449992 -0.0450016 -0.0450033 -0.0450045 -0.0450053 -0.0450058 -0.045006 -0.0450062 -0.70428
59 0.622032 0.622032 0.00569089 0.0209913 0.0257404 -0.000943164 0.0309697 0.0314822 0.0339844 0.0366408 0.035149 0.0358193 0.028559 0.0259174 0.0246341 0.0240697 0.0239297 0.0234741 0.0222218 0.0190463 0.0191554 0.0191201 0.0185174 0.0184981 0.0184831 0.0184702 0.0184597 0.0184512 0.0184443 0.0184389 0.0184348 0.0184317 0.0184293 0.0184277 0.0184264 0.0184256 0.0184251 0.0184249 0.0184247 -0.70335
60 0.519146 0.519146 -0.097195 -0.0818946 -0.0771455 -0.103829 -0.0719162 -0.0714037 -0.0689015 -0.0662451 -0.0677369 -0.0670666 -0.0743269 -0.0769685 -0.0782518 -0.0788162 -0.0789562 -0.0794118 -0.0806641 -0.0838396 -0.0837305 -0.0837658 -0.0843685 -0.0843878 -0.0844028 -0.0844157 -0.0844262 -0.0844347 -0.0844416 -0.084447 -0.0844511 -0.0844542 -0.0844566 -0.0844582 -0.0844595 -0.0844603 -0.0844608 -0.084461 -0.0844612 -0.70445
61 0.558599 0.558599 -0.0577418 -0.0424414 -0.0376923 -0.0643759 -0.032463 -0.0319505 -0.0294483 -0.0267919 -0.0282837 -0.0276134 -0.0348737 -0.0375153 -0.0387986 -0.039363 -0.039503 -0.0399586 -0.0412109 -0.0443864 -0.0442773 -0.0443126 -0.0449153 -0.0449346 -0.0449496 -0.0449625 -0.044973 -0.0449815 -0.0449884 -0.0449938 -0.0449979 -0.045001 -0.0450034 -0.045005 -0.0450063 -0.0450071 -0.0450076 -0.0450078 -0.045008 -0.7045
62 0 0.605556 -0.016992 -0.00698051 -0.00223134 -0.0289148 0.00299816 0.00351078 0.006013 0.00866948 0.00717779 0.00784812 0.00058786 -0.0020536 -0.0033369 -0.00390123 -0.0040411 -0.00449665 -0.00574892 -0.00892432 -0.00881521 -0.00885046 -0.00945318 -0.00947248 -0.00948746 -0.00950037 -0.00951083 -0.00951938 -0.00952627 -0.00953168 -0.0095357 -0.00953883 -0.00954119 -0.00954289 -0.00954411 -0.00954491 -0.00954542 -0.00954567 -0.00954582 -0.70462
63 0 0.577903 -0.0478144 -0.032514 -0.0277649 -0.0544484 -0.0225356 -0.022023 -0.0195208 -0.0168644 -0.0183561 -0.0176859 -0.0249462 -0.0275877 -0.0288711 -0.0294354 -0.0295754 -0.030031 -0.0312833 -0.0344587 -0.0343496 -0.0343849 -0.0349877 -0.035007 -0.0350219 -0.0350349 -0.0350453 -0.0350539 -0.0350607 -0.0350662 -0.0350702 -0.0350733 -0.0350757 -0.0350774 -0.0350786 -0.0350794 -0.0350799 -0.0350801 -0.0350803 -0.70517
64 0 0.551656 -0.0646852 -0.0493848 -0.0446357 -0.0713192 -0.0394064 -0.0388938 -0.0363917 -0.0337352 -0.035227 -0.0345567 -0.041817 -0.0444586 -0.0457419 -0.0463063 -0.0464463 -0.0469019 -0.0481542 -0.0513297 -0.0512206 -0.0512559 -0.0518586 -0.0518779 -0.0518929 -0.0519058 -0.0519163 -0.0519248 -0.0519317 -0.0519371 -0.0519411 -0.0519443 -0.0519466 -0.0519483 -0.0519495 -0.0519503 -0.0519508 -0.0519511 -0.0519512 -0.70565
65 0.605545 0.605545 -0.0107965 0.00450391 0.00925301 -0.0174305 0.0144823 0.0149949 0.017497 0.0201535 0.0186617 0.0193319 0.0120716 0.00943009 0.00814671 0.00758232 0.00744239 0.00698676 0.00573443 0.00255896 0.00266803 0.00263275 0.00203002 0.00201071 0.00199573 0.00198281 0.00197235 0.00196381 0.00195692 0.00195151 0.00194748 0.00194436 0.001942 0.0019403 0.00193908 0.00193828 0.00193777 0.00193752 0.00193737 -0.70654
66 0.577902 0.577902 -0.0384392 -0.0231388 -0.0183897 -0.0450732 -0.0131604 -0.0126479 -0.0101457 -0.00748928 -0.00898103 -0.00831078 -0.0155711 -0.0182126 -0.019496 -0.0200604 -0.0202003 -0.020656 -0.0219083 -0.0250838 -0.0249747 -0.02501 -0.0256127 -0.025632 -0.025647 -0.0256599 -0.0256704 -0.0256789 -0.0256858 -0.0256912 -0.0256952 -0.0256984 -0.0257007 -0.0257024 -0.0257036 -0.0257045 -0.025705 -0.0257052 -0.0257054 -0.70534
67 0.551655 0.551655 -0.0646861 -0.0493858 -0.0446367 -0.0713202 -0.0394073 -0.0388948 -0.0363927 -0.0337362 -0.035228 -0.0345577 -0.0418181 -0.0444596 -0.045743 -0.0463074 -0.0464473 -0.0469029 -0.0481553 -0.0513307 -0.0512216 -0.0512569 -0.0518597 -0.051879 -0.0518939 -0.0519069 -0.0519173 -0.0519259 -0.0519328 -0.0519382 -0.0519422 -0.0519453 -0.0519477 -0.0519494 -0.0519506 -0.0519514 -0.0519519 -0.0519522 -0.0519523 -0.70578
68 0 0.540422 -0.0759197 -0.0606193 -0.0558702 -0.0825537 -0.0506408 -0.0501282 -0.0476261 -0.0449696 -0.0464614 -0.0457911 -0.0530514 -0.0556929 -0.0569763 -0.0575406 -0.0576806 -0.0581362 -0.0593885 -0.0625639 -0.0624549 -0.0624901 -0.0630929 -0.0631122 -0.0631271 -0.0631401 -0.0631505 -0.0631591 -0.063166 -0.0631714 -0.0631754 -0.0631785 -0.0631809 -0.0631826 -0.0631838 -0.0631846 -0.0631851 -0.0631854 -0.0631855 -0.79369
69 0.54042 0.54042 -0.0759216 -0.0606212 -0.0558722 -0.0825557 -0.0506428 -0.0501303 -0.0476281 -0.0449717 -0.0464635 -0.0457932 -0.0530535 -0.0556951 -0.0569784 -0.0575428 -0.0576828 -0.0581384 -0.0593907 -0.0625662 -0.0624571 -0.0624924 -0.0630951 -0.0631145 -0.0631294 -0.0631423 -0.0631528 -0.0631614 -0.0631682 -0.0631737 -0.0631777 -0.0631808 -0.0631832 -0.0631849 -0.0631861 -0.0631869 -0.0631874 -0.0631876 -0.0631878 -0.79396
70 0 0.616298 0.0151821 0.0304825 0.0352317 0.00854835 0.0404613 0.040974 0.0434763 0.0461328 0.0446412 0.0453116 0.0380514 0.03541 0.0341268 0.0335625 0.0334227 0.0329672 0.031715 0.0285396 0.0286487 0.0286135 0.0280108 0.0279915 0.0279765 0.0279636 0.0279531 0.0279446 0.0279377 0.0279323 0.0279283 0.0279251 0.0279228 0.0279211 0.0279199 0.0279191 0.0279186 0.0279183 0.0279182 -0.84244
71 0.616297 0.616297 -4.4188e-05 0.0152562 0.0200053 -0.00667824 0.0252346 0.0257471 0.0282493 0.0309057 0.029414 0.0300842 0.0228239 0.0201824 0.018899 0.0183346 0.0181947 0.017739 0.0164867 0.0133112 0.0134203 0.013385 0.0127823 0.012763 0.012748 0.0127351 0.0127246 0.0127161 0.0127092 0.0127038 0.0126998 0.0126966 0.0126943 0.0126926 0.0126914 0.0126906 0.01269 0.0126898 0.0126896 -0.84261
72 0 0.633898 0.0175569 0.0328572 0.0376064 0.0109228 0.0428357 0.0433483 0.0458504 0.0485069 0.0470151 0.0476854 0.0404251 0.0377836 0.0365002 0.0359358 0.0357959 0.0353403 0.034088 0.0309125 0.0310216 0.0309863 0.0303836 0.0303643 0.0303493 0.0303364 0.0303259 0.0303174 0.0303105 0.0303051 0.0303011 0.0302979 0.0302956 0.0302939 0.0302927 0.0302919 0.0302914 0.0302911 0.030291 -0.84552
73 0.618144 0.618144 0.0018031 0.0171035 0.0218526 -0.00483095 0.0270819 0.0275944 0.0300966 0.032753 0.0312613 0.0319315 0.0246712 0.0220296 0.0207463 0.0201819 0.0200419 0.0195863 0.018334 0.0151585 0.0152676 0.0152323 0.0146296 0.0146103 0.0145953 0.0145824 0.0145719 0.0145634 0.0145565 0.0145511 0.014547 0.0145439 0.0145416 0.0145399 0.0145386 0.0145378 0.0145373 0.0145371 0.0145369 -0.84588
74 0.558599 0.558599 -0.0577418 -0.0424414 -0.0376923 -0.0643759 -0.032463 -0.0319505 -0.0294483 -0.0267919 -0.0282837 -0.0276134 -0.0348737 -0.0375153 -0.0387986 -0.039363 -0.039503 -0.0399586 -0.0412109 -0.0443864 -0.0442773 -0.0443126 -0.0449153 -0.0449346 -0.0449496 -0.0449625 -0.044973 -0.0449815 -0.0449884 -0.0449938 -0.0449979 -0.045001 -0.0450034 -0.045005 -0.0450063 -0.0450071 -0.0450076 -0.0450078 -0.045008 -0.84602
75 0.597177 0.597177 -0.0191645 -0.00386409 0.000885001 -0.0257985 0.00611434 0.00662687 0.00912901 0.0117854 0.0102937 0.0109639 0.00370362 0.00106208 -0.000221291 -0.000785685 -0.00092562 -0.00138124 -0.00263358 -0.00580904 -0.00569997 -0.00573525 -0.00633799 -0.0063573 -0.00637227 -0.00638519 -0.00639565 -0.00640419 -0.00641108 -0.0064165 -0.00642052 -0.00642365 -0.00642601 -0.0064277 -0.00642892 -0.00642973 -0.00643024 -0.00643048 -0.00643064 -0.84572
76 0.708626 0.708626 0.0922851 0.107586 0.112335 0.0856511 0.117564 0.118076 0.120579 0.123235 0.121743 0.122414 0.115153 0.112512 0.111228 0.110664 0.110524 0.110068 0.108816 0.105641 0.10575 0.105714 0.105112 0.105092 0.105077 0.105064 0.105054 0.105045 0.105039 0.105033 0.105029 0.105026 0.105024 0.105022 0.105021 0.10502 0.105019 0.105019 0.105019 -0.84597
77 0.638914 0.638914 0.0225729 0.0378732 0.0426223 0.0159388 0.0478517 0.0483642 0.0508663 0.0535228 0.052031 0.0527013 0.045441 0.0427994 0.041516 0.0409516 0.0408117 0.0403561 0.0391037 0.0359283 0.0360374 0.0360021 0.0353993 0.03538 0.0353651 0.0353521 0.0353417 0.0353331 0.0353262 0.0353208 0.0353168 0.0353137 0.0353113 0.0353096 0.0353084 0.0353076 0.0353071 0.0353068 0.0353067 -0.89197
78 0 0.614665 -0.00167671 0.0136237 0.0183728 -0.00831072 0.0236022 0.0241147 0.0266169 0.0292733 0.0277816 0.0284518 0.0211915 0.01855 0.0172666 0.0167023 0.0165623 0.0161067 0.0148544 0.011679 0.011788 0.0117528 0.01115 0.0111307 0.0111157 0.0111028 0.0110924 0.0110838 0.0110769 0.0110715 0.0110675 0.0110644 0.011062 0.0110603 0.0110591 0.0110583 0.0110578 0.0110575 0.0110574 -0.93677
79 0.614663 0.614663 -0.00167817 0.0136222 0.0183713 -0.00831223 0.0236006 0.0241132 0.0266153 0.0292717 0.02778 0.0284502 0.0211899 0.0185484 0.017265 0.0167006 0.0165607 0.0161051 0.0148527 0.0116773 0.0117863 0.011751 0.0111483 0.011129 0.011114 0.0111011 0.0110906 0.0110821 0.0110752 0.0110698 0.0110658 0.0110626 0.0110603 0.0110586 0.0110574 0.0110566 0.0110561 0.0110558 0.0110557 -0.93705
80 0 0.66597 0.0496291 0.0649295 0.0696786 0.0429951 0.0749079 0.0754205 0.0779226 0.0805791 0.0790873 0.0797576 0.0724973 0.0698558 0.0685724 0.068008 0.0678681 0.0674125 0.0661601 0.0629847 0.0630937 0.0630585 0.0624557 0.0624364 0.0624215 0.0624085 0.0623981 0.0623895 0.0623826 0.0623772 0.0623732 0.0623701 0.0623677 0.062366 0.0623648 0.062364 0.0623635 0.0623632 0.0623631 -0.96274
81 0.665969 0.665969 0.0496281 0.0649285 0.0696776 0.0429941 0.0749069 0.0754194 0.0779216 0.080578 0.0790863 0.0797565 0.0724962 0.0698547 0.0685713 0.0680069 0.067867 0.0674113 0.066159 0.0629835 0.0630926 0.0630573 0.0624546 0.0624353 0.0624203 0.0624074 0.0623969 0.0623884 0.0623815 0.0623761 0.0623721 0.0623689 0.0623666 0.0623649 0.0623637 0.0623629 0.0623623 0.0623621 0.0623619 -0.96301
82 0 0.553301 -0.0162844 -0.0130223 0.0180787 -0.013439 0.0184747 0.0189882 0.0214913 0.0241486 0.0226577 0.023329 0.0160695 0.0134288 0.0121463 0.0115826 0.0114433 0.0109883 0.0097366 0.00656169 0.00667122 0.00663632 0.00603379 0.00601461 0.00599969 0.00598679 0.00597634 0.0059678 0.00596091 0.0059555 0.00595147 0.00594835 0.00594599 0.00594429 0.00594307 0.00594227 0.00594176 0.00594151 0.00594136 -1.0039
83 0.553294 0.553294 -0.0630468 -0.0477464 -0.0429973 -0.0696809 -0.037768 -0.0372555 -0.0347533 -0.0320969 -0.0335886 -0.0329184 -0.0401787 -0.0428203 -0.0441036 -0.044668 -0.044808 -0.0452636 -0.0465159 -0.0496914 -0.0495823 -0.0496176 -0.0502203 -0.0502396 -0.0502546 -0.0502675 -0.050278 -0.0502865 -0.0502934 -0.0502988 -0.0503029 -0.050306 -0.0503083 -0.05031 -0.0503113 -0.0503121 -0.0503126 -0.0503128 -0.050313 -1.0047
84 0 0.635841 -0.0166525 0.0228668 0.0186432 -0.00803995 0.0238734 0.0243864 0.026889 0.0295459 0.0280546 0.0287253 0.0214655 0.0188244 0.0175414 0.0169774 0.0168377 0.0163824 0.0151304 0.0119552 0.0120645 0.0120294 0.0114268 0.0114075 0.0113926 0.0113797 0.0113692 0.0113607 0.0113538 0.0113484 0.0113443 0.0113412 0.0113389 0.0113372 0.0113359 0.0113351 0.0113346 0.0113344 0.0113342 -1.0122
85 0 0.57134 -0.0450017 -0.0297013 -0.0249522 -0.0516357 -0.0197228 -0.0192103 -0.0167081 -0.0140516 -0.0155434 -0.0148731 -0.0221334 -0.0247749 -0.0260583 -0.0266226 -0.0267626 -0.0272182 -0.0284705 -0.0316459 -0.0315369 -0.0315721 -0.0321749 -0.0321942 -0.0322091 -0.0322221 -0.0322325 -0.0322411 -0.032248 -0.0322534 -0.0322574 -0.0322605 -0.0322629 -0.0322646 -0.0322658 -0.0322666 -0.0322671 -0.0322674 -0.0322675 -1.013
86 0.598419 0.598419 -0.0179222 -0.00262186 0.00212724 -0.0245563 0.00735657 0.0078691 0.0103712 0.0130277 0.0115359 0.0122062 0.00494586 0.00230432 0.00102094 0.00045655 0.000316616 -0.000139007 -0.00139134 -0.00456681 -0.00445774 -0.00449302 -0.00509575 -0.00511506 -0.00513004 -0.00514296 -0.00515342 -0.00516196 -0.00516885 -0.00517426 -0.00517829 -0.00518141 -0.00518377 -0.00518547 -0.00518669 -0.00518749 -0.005188 -0.00518825 -0.0051884 -1.0131
87 0.553294 0.553294 -0.0630468 -0.0477464 -0.0429973 -0.0696809 -0.037768 -0.0372555 -0.0347533 -0.0320969 -0.0335886 -0.0329184 -0.0401787 -0.0428203 -0.0441036 -0.044668 -0.044808 -0.0452636 -0.0465159 -0.0496914 -0.0495823 -0.0496176 -0.0502203 -0.0502396 -0.0502546 -0.0502675 -0.050278 -0.0502865 -0.0502934 -0.0502988 -0.0503029 -0.050306 -0.0503083 -0.05031 -0.0503113 -0.0503121 -0.0503126 -0.0503128 -0.050313 -1.0134
88 0.635838 0.635838 0.0194973 0.0347977 0.0395468 0.0128632 0.0447761 0.0452886 0.0477908 0.0504472 0.0489555 0.0496257 0.0423654 0.0397238 0.0384405 0.0378761 0.0377361 0.0372805 0.0360282 0.0328527 0.0329618 0.0329265 0.0323238 0.0323045 0.0322895 0.0322766 0.0322661 0.0322576 0.0322507 0.0322453 0.0322412 0.0322381 0.0322358 0.0322341 0.0322328 0.032232 0.0322315 0.0322313 0.0322311 -1.0127
89 0 0 0.0286324 0.0200213 0.0247705 -0.00191277 0.0300004 0.0305132 0.0330156 0.0356722 0.0341807 0.0348513 0.0275912 0.0249499 0.0236667 0.0231025 0.0229628 0.0225073 0.0212552 0.0180799 0.018189 0.0181539 0.0175512 0.0175319 0.0175169 0.017504 0.0174935 0.017485 0.0174781 0.0174727 0.0174687 0.0174656 0.0174632 0.0174615 0.0174603 0.0174595 0.017459 0.0174587 0.0174586 -1.0183
90 0 0.671964 0.00272742 0.0180277 0.0227769 -0.00390663 0.0280063 0.0285188 0.031021 0.0336775 0.0321857 0.032856 0.0255957 0.0229542 0.0216709 0.0211065 0.0209666 0.020511 0.0192587 0.0160832 0.0161923 0.016157 0.0155543 0.015535 0.01552 0.0155071 0.0154966 0.0154881 0.0154812 0.0154758 0.0154718 0.0154686 0.0154663 0.0154646 0.0154634 0.0154626 0.015462 0.0154618 0.0154616 -1.019
91 0 0.548552 -0.0677891 -0.0524887 -0.0477396 -0.0744231 -0.0425102 -0.0419976 -0.0394955 -0.036839 -0.0383307 -0.0376605 -0.0449207 -0.0475623 -0.0488456 -0.04941 -0.0495499 -0.0500055 -0.0512578 -0.0544332 -0.0543242 -0.0543594 -0.0549622 -0.0549815 -0.0549964 -0.0550094 -0.0550198 -0.0550284 -0.0550353 -0.0550407 -0.0550447 -0.0550478 -0.0550502 -0.0550519 -0.0550531 -0.0550539 -0.0550544 -0.0550547 -0.0550548 -1.0196
92 0.671963 0.671963 0.055622 0.0709224 0.0756715 0.048988 0.0809009 0.0814134 0.0839155 0.086572 0.0850802 0.0857505 0.0784901 0.0758486 0.0745652 0.0740008 0.0738609 0.0734053 0.0721529 0.0689775 0.0690865 0.0690513 0.0684485 0.0684292 0.0684142 0.0684013 0.0683909 0.0683823 0.0683754 0.06837 0.068366 0.0683629 0.0683605 0.0683588 0.0683576 0.0683568 0.0683563 0.068356 0.0683559 -1.0191
93 0.548549 0.548549 -0.0677917 -0.0524913 -0.0477423 -0.0744258 -0.0425129 -0.0420004 -0.0394982 -0.0368418 -0.0383336 -0.0376633 -0.0449236 -0.0475652 -0.0488485 -0.0494129 -0.0495529 -0.0500085 -0.0512608 -0.0544363 -0.0543272 -0.0543625 -0.0549652 -0.0549846 -0.0549995 -0.0550124 -0.0550229 -0.0550314 -0.0550383 -0.0550438 -0.0550478 -0.0550509 -0.0550533 -0.055055 -0.0550562 -0.055057 -0.0550575 -0.0550577 -0.0550579 -1.02
94 0 0.62605 0.00570304 0.0210034 0.0257526 -0.000930766 0.0309822 0.0314949 0.0339972 0.0366538 0.0351622 0.0358326 0.0285724 0.025931 0.0246477 0.0240835 0.0239436 0.0234881 0.0222359 0.0190605 0.0191696 0.0191344 0.0185317 0.0185124 0.0184974 0.0184845 0.018474 0.0184655 0.0184586 0.0184532 0.0184491 0.018446 0.0184436 0.018442 0.0184407 0.0184399 0.0184394 0.0184392 0.018439 -1.0217
95 0.626047 0.626047 0.0097054 0.0250058 0.0297549 0.00307134 0.0349842 0.0354967 0.0379989 0.0406553 0.0391636 0.0398338 0.0325735 0.0299319 0.0286486 0.0280842 0.0279442 0.0274886 0.0262363 0.0230608 0.0231699 0.0231346 0.0225319 0.0225126 0.0224976 0.0224847 0.0224742 0.0224657 0.0224588 0.0224534 0.0224493 0.0224462 0.0224439 0.0224422 0.0224409 0.0224401 0.0224396 0.0224394 0.0224392 -1.0225
96 0 0.619246 0.00290433 0.0182047 0.0229539 -0.00372961 0.0281833 0.0286959 0.031198 0.0338545 0.0323628 0.0330331 0.0257728 0.0231313 0.0218479 0.0212836 0.0211437 0.0206881 0.0194358 0.0162603 0.0163694 0.0163341 0.0157314 0.0157121 0.0156971 0.0156842 0.0156737 0.0156652 0.0156583 0.0156529 0.0156489 0.0156457 0.0156434 0.0156417 0.0156405 0.0156397 0.0156391 0.0156389 0.0156387 -1.0248
97 0.577902 0.577902 -0.0384392 -0.0231388 -0.0183897 -0.0450732 -0.0131604 -0.0126479 -0.0101457 -0.00748928 -0.00898103 -0.00831078 -0.0155711 -0.0182126 -0.019496 -0.0200604 -0.0202003 -0.020656 -0.0219083 -0.0250838 -0.0249747 -0.02501 -0.0256127 -0.025632 -0.025647 -0.0256599 -0.0256704 -0.0256789 -0.0256858 -0.0256912 -0.0256952 -0.0256984 -0.0257007 -0.0257024 -0.0257036 -0.0257045 -0.025705 -0.0257052 -0.0257054 -1.025
98 0.632138 0.632138 0.0157968 0.0310972 0.0358463 0.00916278 0.0410756 0.0415882 0.0440903 0.0467467 0.045255 0.0459252 0.0386649 0.0360234 0.03474 0.0341756 0.0340357 0.0335801 0.0323277 0.0291523 0.0292613 0.029226 0.0286233 0.028604 0.028589 0.0285761 0.0285657 0.0285571 0.0285502 0.0285448 0.0285408 0.0285377 0.0285353 0.0285336 0.0285324 0.0285316 0.0285311 0.0285308 0.0285307 -1.0255
99 0 0.597178 -0.0191634 0.0214623 0.0335956 0.00691248 0.0388258 0.0393388 0.0418413 0.0444982 0.0430068 0.0436775 0.0364176 0.0337764 0.0324934 0.0319293 0.0317897 0.0313343 0.0300823 0.0269071 0.0270163 0.0269812 0.0263786 0.0263593 0.0263443 0.0263314 0.026321 0.0263124 0.0263055 0.0263001 0.0262961 0.026293 0.0262906 0.0262889 0.0262877 0.0262869 0.0262864 0.0262861 0.026286 -1.0026
100 0.597177 0.597177 -0.0191645 -0.00386409 0.000885001 -0.0257985 0.00611434 0.00662687 0.00912901 0.0117854 0.0102937 0.0109639 0.00370362 0.00106208 -0.000221291 -0.000785685 -0.00092562 -0.00138124 -0.00263358 -0.00580904 -0.00569997 -0.00573525 -0.00633799 -0.0063573 -0.00637227 -0.00638519 -0.00639565 -0.00640419 -0.00641108 -0.0064165 -0.00642052 -0.00642365 -0.00642601 -0.0064277 -0.00642892 -0.00642973 -0.00643024 -0.00643048 -0.00643064 -1.0028
101 0 0 0.010421 0.0328075 0.0375568 0.0108734 0.0427865 0.0432993 0.0458016 0.0484582 0.0469667 0.0476371 0.040377 0.0377356 0.0364524 0.0358882 0.0357484 0.0352929 0.0340407 0.0308653 0.0309745 0.0309393 0.0303366 0.0303173 0.0303023 0.0302894 0.0302789 0.0302704 0.0302635 0.0302581 0.0302541 0.0302509 0.0302486 0.0302469 0.0302457 0.0302449 0.0302444 0.0302441 0.030244 -1.0073
102 0 0.620251 0.0235986 0.0388988 0.043648 0.0169645 0.0488774 0.04939 0.0518922 0.0545486 0.0530569 0.0537272 0.0464669 0.0438254 0.0425421 0.0419777 0.0418378 0.0413822 0.0401299 0.0369545 0.0370636 0.0370283 0.0364256 0.0364063 0.0363913 0.0363784 0.0363679 0.0363594 0.0363525 0.0363471 0.0363431 0.0363399 0.0363376 0.0363359 0.0363347 0.0363339 0.0363334 0.0363331 0.036333 -1.0081
103 0 0.652173 0.0358321 0.0511325 0.0558816 0.0291981 0.061111 0.0616236 0.0641257 0.0667822 0.0652904 0.0659607 0.0587004 0.0560589 0.0547756 0.0542112 0.0540713 0.0536156 0.0523633 0.0491879 0.049297 0.0492617 0.0486589 0.0486396 0.0486247 0.0486117 0.0486013 0.0485927 0.0485859 0.0485804 0.0485764 0.0485733 0.0485709 0.0485692 0.048568 0.0485672 0.0485667 0.0485665 0.0485663 -1.0088
104 0.620249 0.620249 0.00390836 0.0192087 0.0239578 -0.00272569 0.0291872 0.0296997 0.0322018 0.0348583 0.0333665 0.0340368 0.0267765 0.0241349 0.0228515 0.0222871 0.0221472 0.0216916 0.0204393 0.0172638 0.0173729 0.0173376 0.0167348 0.0167155 0.0167006 0.0166876 0.0166772 0.0166686 0.0166617 0.0166563 0.0166523 0.0166492 0.0166468 0.0166451 0.0166439 0.0166431 0.0166426 0.0166423 0.0166422 -1.0084
105 0.652171 0.652171 0.0358303 0.0511307 0.0558798 0.0291962 0.0611091 0.0616216 0.0641238 0.0667802 0.0652884 0.0659587 0.0586984 0.0560568 0.0547735 0.0542091 0.0540691 0.0536135 0.0523612 0.0491857 0.0492948 0.0492595 0.0486568 0.0486375 0.0486225 0.0486096 0.0485991 0.0485906 0.0485837 0.0485783 0.0485742 0.0485711 0.0485687 0.0485671 0.0485658 0.048565 0.0485645 0.0485643 0.0485641 -1.0092
106 0 0.628799 0.0124574 0.0277578 0.032507 0.00582347 0.0377364 0.0382489 0.0407511 0.0434075 0.0419158 0.0425861 0.0353258 0.0326843 0.0314009 0.0308366 0.0306966 0.030241 0.0289887 0.0258133 0.0259224 0.0258871 0.0252844 0.025265 0.0252501 0.0252372 0.0252267 0.0252182 0.0252113 0.0252058 0.0252018 0.0251987 0.0251963 0.0251946 0.0251934 0.0251926 0.0251921 0.0251919 0.0251917 -1.0119
107 0.647591 0.647591 0.0312499 0.0465503 0.0512994 0.0246159 0.0565287 0.0570413 0.0595434 0.0621999 0.0607081 0.0613783 0.054118 0.0514765 0.0501931 0.0496287 0.0494888 0.0490332 0.0477808 0.0446054 0.0447144 0.0446792 0.0440764 0.0440571 0.0440421 0.0440292 0.0440188 0.0440102 0.0440033 0.0439979 0.0439939 0.0439908 0.0439884 0.0439867 0.0439855 0.0439847 0.0439842 0.0439839 0.0439838 -1.0124
108 0.580756 0.580756 -0.0355848 -0.0202844 -0.0155353 -0.0422188 -0.010306 -0.00979344 -0.00729129 -0.00463486 -0.00612662 -0.00545637 -0.0127167 -0.0153582 -0.0166416 -0.017206 -0.0173459 -0.0178015 -0.0190539 -0.0222293 -0.0221203 -0.0221556 -0.0227583 -0.0227776 -0.0227926 -0.0228055 -0.022816 -0.0228245 -0.0228314 -0.0228368 -0.0228408 -0.022844 -0.0228463 -0.022848 -0.0228492 -0.02285 -0.0228505 -0.0228508 -0.0228509 -1.0123
109 0.509071 0.509071 -0.10727 -0.0919699 -0.0872208 -0.113904 -0.0819914 -0.0814789 -0.0789768 -0.0763203 -0.0778121 -0.0771418 -0.0844021 -0.0870437 -0.0883271 -0.0888915 -0.0890314 -0.089487 -0.0907393 -0.0939148 -0.0938057 -0.093841 -0.0944438 -0.0944631 -0.094478 -0.094491 -0.0945014 -0.09451 -0.0945169 -0.0945223 -0.0945263 -0.0945294 -0.0945318 -0.0945335 -0.0945347 -0.0945355 -0.094536 -0.0945363 -0.0945364 -1.0466
110 0.551655 0.551655 -0.0646861 -0.0493858 -0.0446367 -0.0713202 -0.0394073 -0.0388948 -0.0363927 -0.0337362 -0.035228 -0.0345577 -0.0418181 -0.0444596 -0.045743 -0.0463074 -0.0464473 -0.0469029 -0.0481553 -0.0513307 -0.0512216 -0.0512569 -0.0518597 -0.051879 -0.0518939 -0.0519069 -0.0519173 -0.0519259 -0.0519328 -0.0519382 -0.0519422 -0.0519453 -0.0519477 -0.0519494 -0.0519506 -0.0519514 -0.0519519 -0.0519522 -0.0519523 -1.1111
111 0 0.568108 -0.0482334 -0.032933 -0.0281839 -0.0548674 -0.0229545 -0.0224419 -0.0199397 -0.0172832 -0.0187749 -0.0181047 -0.0253649 -0.0280064 -0.0292898 -0.0298542 -0.0299941 -0.0304497 -0.031702 -0.0348774 -0.0347683 -0.0348036 -0.0354063 -0.0354256 -0.0354406 -0.0354535 -0.035464 -0.0354725 -0.0354794 -0.0354848 -0.0354889 -0.035492 -0.0354943 -0.035496 -0.0354973 -0.0354981 -0.0354986 -0.0354988 -0.035499 -1.1223
112 0.568105 0.568105 -0.0482364 -0.032936 -0.0281869 -0.0548704 -0.0229576 -0.0224451 -0.0199429 -0.0172865 -0.0187782 -0.018108 -0.0253683 -0.0280098 -0.0292932 -0.0298576 -0.0299975 -0.0304532 -0.0317055 -0.034881 -0.0347719 -0.0348072 -0.0354099 -0.0354292 -0.0354442 -0.0354571 -0.0354676 -0.0354761 -0.035483 -0.0354884 -0.0354924 -0.0354956 -0.0354979 -0.0354996 -0.0355008 -0.0355017 -0.0355022 -0.0355024 -0.0355026 -1.1228
113 0.635027 0.635027 0.0186856 0.033986 0.0387351 0.0120516 0.0439644 0.0444769 0.0469791 0.0496355 0.0481438 0.048814 0.0415537 0.0389122 0.0376288 0.0370644 0.0369245 0.0364688 0.0352165 0.032041 0.0321501 0.0321148 0.0315121 0.0314928 0.0314778 0.0314649 0.0314544 0.0314459 0.031439 0.0314336 0.0314296 0.0314264 0.0314241 0.0314224 0.0314212 0.0314203 0.0314198 0.0314196 0.0314194 -1.1344
114 0 0 -0.0255171 -0.000649247 0.00410022 -0.0225826 0.00933099 0.00984426 0.0123471 0.0150041 0.0135129 0.0141837 0.00692396 0.00428293 0.00300003 0.00243607 0.00229649 0.00184123 0.000589285 -0.00258585 -0.00247652 -0.00251159 -0.00311421 -0.00313347 -0.00314842 -0.00316134 -0.0031718 -0.00318034 -0.00318723 -0.00319264 -0.00319667 -0.00319979 -0.00320215 -0.00320385 -0.00320507 -0.00320587 -0.00320638 -0.00320663 -0.00320678 -1.1396
115 0 0.551661 -0.0455284 -0.0302282 -0.025479 -0.0521624 -0.0202494 -0.0197367 -0.0172345 -0.0145779 -0.0160696 -0.0153993 -0.0226595 -0.025301 -0.0265842 -0.0271486 -0.0272884 -0.027744 -0.0289963 -0.0321717 -0.0320626 -0.0320978 -0.0327005 -0.0327198 -0.0327348 -0.0327477 -0.0327582 -0.0327667 -0.0327736 -0.032779 -0.0327831 -0.0327862 -0.0327886 -0.0327903 -0.0327915 -0.0327923 -0.0327928 -0.032793 -0.0327932 -1.1423
116 0 0.583874 -0.0324675 -0.0171671 -0.0124179 -0.0391014 -0.00718849 -0.00667591 -0.00417372 -0.00151724 -0.00300896 -0.00233866 -0.00959894 -0.0122404 -0.0135238 -0.0140881 -0.0142281 -0.0146837 -0.015936 -0.0191114 -0.0190023 -0.0190376 -0.0196403 -0.0196596 -0.0196746 -0.0196875 -0.019698 -0.0197065 -0.0197134 -0.0197188 -0.0197228 -0.019726 -0.0197283 -0.01973 -0.0197312 -0.0197321 -0.0197326 -0.0197328 -0.019733 -1.1431
117 0.551655 0.551655 -0.0646861 -0.0493858 -0.0446367 -0.0713202 -0.0394073 -0.0388948 -0.0363927 -0.0337362 -0.035228 -0.0345577 -0.0418181 -0.0444596 -0.045743 -0.0463074 -0.0464473 -0.0469029 -0.0481553 -0.0513307 -0.0512216 -0.0512569 -0.0518597 -0.051879 -0.0518939 -0.0519069 -0.0519173 -0.0519259 -0.0519328 -0.0519382 -0.0519422 -0.0519453 -0.0519477 -0.0519494 -0.0519506 -0.0519514 -0.0519519 -0.0519522 -0.0519523 -1.1432
118 0.58387 0.58387 -0.0324707 -0.0171704 -0.0124213 -0.0391048 -0.00719192 -0.0066794 -0.00417725 -0.00152082 -0.00301258 -0.00234233 -0.00960264 -0.0122442 -0.0135276 -0.0140919 -0.0142319 -0.0146875 -0.0159398 -0.0191153 -0.0190062 -0.0190415 -0.0196443 -0.0196636 -0.0196785 -0.0196915 -0.0197019 -0.0197105 -0.0197173 -0.0197228 -0.0197268 -0.0197299 -0.0197323 -0.019734 -0.0197352 -0.019736 -0.0197365 -0.0197367 -0.0197369 -1.1436
119 0 0.624639 0.00263743 0.0179379 0.0226874 -0.00399569 0.0279176 0.0284306 0.0309331 0.0335899 0.0320984 0.032769 0.025509 0.0228678 0.0215847 0.0210205 0.0208808 0.0204254 0.0191733 0.015998 0.0161072 0.0160721 0.0154694 0.0154501 0.0154351 0.0154222 0.0154117 0.0154032 0.0153963 0.0153909 0.0153869 0.0153837 0.0153814 0.0153797 0.0153785 0.0153777 0.0153771 0.0153769 0.0153767 -1.1453
120 0.624635 0.624635 0.0082943 0.0235947 0.0283438 0.00166024 0.0335731 0.0340856 0.0365878 0.0392442 0.0377525 0.0384227 0.0311624 0.0285208 0.0272375 0.0266731 0.0265331 0.0260775 0.0248252 0.0216497 0.0217588 0.0217235 0.0211208 0.0211015 0.0210865 0.0210736 0.0210631 0.0210546 0.0210477 0.0210423 0.0210382 0.0210351 0.0210328 0.0210311 0.0210298 0.021029 0.0210285 0.0210283 0.0210281 -1.1459
121 0 0.616569 0.000227963 0.0155284 0.0202775 -0.00640597 0.0255069 0.0260195 0.0285217 0.0311782 0.0296865 0.0303567 0.0230965 0.020455 0.0191716 0.0186072 0.0184673 0.0180117 0.0167594 0.013584 0.0136931 0.0136578 0.0130551 0.0130357 0.0130208 0.0130079 0.0129974 0.0129889 0.012982 0.0129766 0.0129725 0.0129694 0.012967 0.0129653 0.0129641 0.0129633 0.0129628 0.0129626 0.0129624 -1.1519
122 0.601074 0.601074 -0.0152674 3.30052e-05 0.0047821 -0.0219014 0.0100114 0.010524 0.0130261 0.0156825 0.0141908 0.014861 0.00760072 0.00495918 0.0036758 0.00311141 0.00297148 0.00251585 0.00126352 -0.00191195 -0.00180288 -0.00183816 -0.00244089 -0.0024602 -0.00247518 -0.0024881 -0.00249856 -0.0025071 -0.00251399 -0.0025194 -0.00252343 -0.00252655 -0.00252891 -0.00253061 -0.00253183 -0.00253263 -0.00253314 -0.00253339 -0.00253354 -1.1523
123 0.62441 0.62441 0.00806922 0.0233696 0.0281187 0.00143517 0.033348 0.0338606 0.0363627 0.0390191 0.0375274 0.0381976 0.0309373 0.0282958 0.0270124 0.026448 0.0263081 0.0258524 0.0246001 0.0214246 0.0215337 0.0214984 0.0208957 0.0208764 0.0208614 0.0208485 0.020838 0.0208295 0.0208226 0.0208172 0.0208132 0.02081 0.0208077 0.020806 0.0208048 0.020804 0.0208035 0.0208032 0.0208031 -1.1526
124 0.604306 0.604306 -0.0120356 0.00326476 0.00801385 -0.0186697 0.0132432 0.0137557 0.0162579 0.0189143 0.0174225 0.0180928 0.0108325 0.00819093 0.00690756 0.00634316 0.00620323 0.00574761 0.00449527 0.00131981 0.00142887 0.00139359 0.00079086 0.00077155 0.000756576 0.000743657 0.000733197 0.000724656 0.000717765 0.000712352 0.000708327 0.000705199 0.000702841 0.000701146 0.000699926 0.00069912 0.000698612 0.000698365 0.000698211 -1.1395
125 0.58138 0.58138 -0.0349609 -0.0196606 -0.0149115 -0.041595 -0.00968213 -0.00916961 -0.00666746 -0.00401103 -0.00550279 -0.00483254 -0.0120928 -0.0147344 -0.0160178 -0.0165822 -0.0167221 -0.0171777 -0.0184301 -0.0216055 -0.0214964 -0.0215317 -0.0221345 -0.0221538 -0.0221687 -0.0221817 -0.0221921 -0.0222007 -0.0222076 -0.022213 -0.022217 -0.0222201 -0.0222225 -0.0222242 -0.0222254 -0.0222262 -0.0222267 -0.022227 -0.0222271 -0.71793
126 0 0 0 0 0 0 0 0 0 0 0 0 0 0 0 0 0 0 0 0 0 0 0 0 0 0 0 0 0 0 0 0 0 0 0 0 0 0 0 0
