# 0 1 2 3 4 5 6 7 8 9 10 11 12 13 14 15 16 17 18 19 20 21 22 23 24 25 26 27 28 29 30 31 32 33 34 35 36 37 38
1 0 1.05 1.0497 1.04914 1.04906 1.04791 1.04629 1.04603 1.04574 1.04491 1.0448 1.04468 1.04361 1.04322 1.0428 1.0425 1.04187 1.04173 1.04121 1.04029 1.03971 1.03949 1.03907 1.03907 1.03907 1.03907 1.03907 1.03907 1.03907 1.03907 1.03907 1.03907 1.03907 1.03907 1.03907 1.03907 1.03907 1.03907 1.03907
2 0.147054 1.04992 1.04948 1.0489 1.04853 1.04696 1.04527 1.04494 1.04444 1.04358 1.04344 1.04305 1.04188 1.04138 1.04088 1.04042 1.03976 1.03948 1.03872 1.03765 1.03702 1.03669 1.03627 1.03627 1.03627 1.03627 1.03627 1.03627 1.03627 1.03627 1.03627 1.03627 1.03627 1.03627 1.03627 1.03627 1.03627 1.03627 1.03627
3 0 1.04872 1.04827 1.04587 1.04291 1.0408 1.0385 1.03643 1.03568 1.03458 1.03215 1.03093 1.02884 1.02771 1.02587 1.0251 1.02331 1.02106 1.01907 1.01752 1.01598 1.01564 1.01521 1.01521 1.01521 1.01521 1.01521 1.01521 1.01521 1.01521 1.0152 1.0152 1.0152 1.0152 1.0152 1.0152 1.0152 1.0152 1.0152
4 0 1.04872 1.04735 1.04365 1.04042 1.038 1.03483 1.03263 1.03176 1.02949 1.02664 1.02496 1.02254 1.02073 1.01873 1.01739 1.01459 1.01171 1.00947 1.00745 1.00589 1.00555 1.00512 1.00511 1.00511 1.00511 1.00511 1.00511 1.00511 1.00511 1.00511 1.00511 1.00511 1.00511 1.00511 1.00511 1.00511 1.00511 1.00511
5 0 1.04851 1.0464 1.04254 1.03914 1.03622 1.03297 1.0307 1.02917 1.02667 1.02354 1.02168 1.01887 1.01697 1.01464 1.01273 1.00957 1.00654 1.00403 1.002 1.00043 1.00009 0.999652 0.99965 0.999648 0.999646 0.999645 0.999644 0.999643 0.999643 0.999643 0.999642 0.999642 0.999642 0.999642 0.999642 0.999642 0.999642 0.999642
6 0.398246 1.04792 1.04578 1.04192 1.03811 1.03513 1.03182 1.02903 1.02731 1.02459 1.02131 1.01914 1.01625 1.01409 1.01129 1.0091 1.00582 1.00257 1.00005 0.998011 0.996438 0.996096 0.995654 0.995652 0.99565 0.995648 0.995647 0.995646 0.995645 0.995645 0.995644 0.995644 0.995644 0.995644 0.995644 0.995644 0.995644 0.995643 0.995643
7 0 1.04704 1.0449 1.04028 1.03635 1.03327 1.02895 1.02579 1.02367 1.02067 1.01679 1.01447 1.01109 1.00805 1.0047 1.00229 0.998596 0.995322 0.992785 0.990729 0.989144 0.988799 0.988354 0.988351 0.988349 0.988348 0.988346 0.988345 0.988344 0.988344 0.988343 0.988343 0.988343 0.988343 0.988343 0.988343 0.988343 0.988343 0.988343
8 0 1.04704 1.04433 1.03963 1.03563 1.0318 1.02721 1.02374 1.02142 1.01797 1.01399 1.0113 1.00726 1.00381 1.0003 0.997583 0.993867 0.990577 0.988028 0.985962 0.984369 0.984023 0.983575 0.983572 0.98357 0.983568 0.983567 0.983566 0.983565 0.983565 0.983564 0.983564 0.983564 0.983563 0.983563 0.983563 0.983563 0.983563 0.983563
9 0.296816 1.04635 1.04364 1.03885 1.0339 1.0297 1.02502 1.02141 1.01856 1.01497 1.01048 1.00689 1.00228 0.998605 0.994667 0.991936 0.988198 0.984889 0.982325 0.980248 0.978645 0.978296 0.977846 0.977843 0.977841 0.977839 0.977838 0.977837 0.977836 0.977835 0.977835 0.977834 0.977834 0.977834 0.977834 0.977834 0.977834 0.977834 0.977834
10 0 1.04592 1.04315 1.03769 1.03248 1.02821 1.02343 1.01945 1.01651 1.01255 1.00742 1.00343 0.998654 0.99468 0.990726 0.987984 0.984231 0.980909 0.978335 0.976248 0.974639 0.974289 0.973837 0.973834 0.973832 0.97383 0.973828 0.973827 0.973826 0.973826 0.973825 0.973825 0.973825 0.973825 0.973825 0.973824 0.973824 0.973824 0.973824
11 0 1.04592 1.0423 1.03651 1.03121 1.02681 1.02156 1.01745 1.01405 1.00928 1.00363 0.999432 0.994269 0.990277 0.986305 0.983551 0.979782 0.976444 0.973858 0.971762 0.970145 0.969793 0.969339 0.969336 0.969334 0.969332 0.96933 0.969329 0.969328 0.969328 0.969327 0.969327 0.969327 0.969326 0.969326 0.969326 0.969326 0.969326 0.969326
12 0.400706 1.04526 1.04164 1.03578 1.03038 1.02559 1.02023 1.01574 1.01166 1.00647 1.00064 0.996129 0.990948 0.986942 0.982958 0.980194 0.976411 0.973062 0.970467 0.968363 0.966741 0.966388 0.965932 0.965929 0.965926 0.965925 0.965923 0.965922 0.965921 0.965921 0.96592 0.96592 0.965919 0.965919 0.965919 0.965919 0.965919 0.965919 0.965919
13 0 1.04484 1.04118 1.03524 1.02957 1.02471 1.01908 1.01412 1.00974 1.00443 0.998378 0.993855 0.988663 0.984647 0.980653 0.977883 0.974091 0.970734 0.968133 0.966024 0.964398 0.964044 0.963587 0.963583 0.963581 0.963579 0.963578 0.963577 0.963576 0.963575 0.963575 0.963574 0.963574 0.963574 0.963574 0.963574 0.963574 0.963574 0.963574
14 0 1.04484 1.04108 1.0348 1.02903 1.02382 1.01757 1.01222 1.00769 1.00209 0.99602 0.991486 0.986281 0.982256 0.978252 0.975475 0.971674 0.968309 0.9657 0.963587 0.961956 0.961601 0.961143 0.96114 0.961137 0.961136 0.961134 0.961133 0.961132 0.961131 0.961131 0.961131 0.96113 0.96113 0.96113 0.96113 0.96113 0.96113 0.96113
15 0 1.04484 1.04007 1.0335 1.02673 1.01973 1.01236 1.00656 1.00119 0.995549 0.989441 0.984877 0.979637 0.975585 0.971553 0.968757 0.96493 0.961541 0.958914 0.956786 0.955144 0.954786 0.954325 0.954321 0.954319 0.954317 0.954315 0.954314 0.954313 0.954313 0.954312 0.954312 0.954312 0.954312 0.954312 0.954311 0.954311 0.954311 0.954311
16 0.129201 1.04386 1.039 1.03242 1.02434 1.01672 1.00875 1.00182 0.996422 0.990754 0.984617 0.980031 0.974765 0.970692 0.96664 0.96383 0.959983 0.956576 0.953936 0.951796 0.950146 0.949786 0.949322 0.949319 0.949317 0.949315 0.949313 0.949312 0.949311 0.949311 0.94931 0.94931 0.94931 0.949309 0.949309 0.949309 0.949309 0.949309 0.949309
17 0 1.04371 1.03884 1.03201 1.0238 1.01606 1.00787 1.00093 0.995533 0.98986 0.983717 0.979126 0.973856 0.969779 0.965724 0.96291 0.95906 0.95565 0.953007 0.950865 0.949213 0.948853 0.948389 0.948386 0.948383 0.948381 0.94838 0.948379 0.948378 0.948377 0.948377 0.948376 0.948376 0.948376 0.948376 0.948376 0.948376 0.948376 0.948376
18 0 1.04371 1.03853 1.03155 1.0232 1.01519 1.00699 1.00005 0.994644 0.988966 0.982818 0.978222 0.972947 0.968867 0.964807 0.961991 0.958137 0.954724 0.952079 0.949934 0.948281 0.947921 0.947456 0.947452 0.94745 0.947448 0.947446 0.947445 0.947444 0.947444 0.947443 0.947443 0.947443 0.947443 0.947442 0.947442 0.947442 0.947442 0.947442
19 0.0807094 1.04337 1.03798 1.0308 1.02206 1.01405 1.00584 0.998884 0.993474 0.98779 0.981634 0.977033 0.971751 0.967666 0.963601 0.960782 0.956923 0.953505 0.950857 0.94871 0.947054 0.946693 0.946228 0.946224 0.946222 0.94622 0.946219 0.946217 0.946216 0.946216 0.946215 0.946215 0.946215 0.946215 0.946215 0.946214 0.946214 0.946214 0.946214
20 0.0524786 1.04294 1.03755 1.03037 1.02163 1.01361 1.00539 0.998438 0.993026 0.987339 0.981181 0.976578 0.971293 0.967206 0.96314 0.960319 0.956458 0.953039 0.950389 0.948241 0.946584 0.946223 0.945757 0.945754 0.945752 0.94575 0.945748 0.945747 0.945746 0.945746 0.945745 0.945745 0.945745 0.945744 0.945744 0.945744 0.945744 0.945744 0.945744
21 0 1.04951 1.04831 1.04763 1.04567 1.04191 1.03986 1.03914 1.03751 1.03649 1.03619 1.03432 1.03261 1.03153 1.03062 1.0293 1.02842 1.02743 1.02539 1.02352 1.02259 1.02168 1.02125 1.02125 1.02124 1.02124 1.02124 1.02124 1.02124 1.02124 1.02124 1.02124 1.02124 1.02124 1.02124 1.02124 1.02124 1.02124 1.02124
22 0.136484 1.04933 1.04808 1.04721 1.04501 1.04125 1.03921 1.03848 1.03685 1.03583 1.03553 1.03366 1.03195 1.03086 1.02995 1.02863 1.02776 1.02676 1.02473 1.02286 1.02192 1.02101 1.02058 1.02058 1.02057 1.02057 1.02057 1.02057 1.02057 1.02057 1.02057 1.02057 1.02057 1.02057 1.02057 1.02057 1.02057 1.02057 1.02057
23 0 1.04923 1.04796 1.04699 1.04468 1.04092 1.03887 1.03815 1.03651 1.03549 1.03519 1.03332 1.03161 1.03053 1.02961 1.02829 1.02742 1.02642 1.02438 1.02251 1.02158 1.02067 1.02023 1.02023 1.02023 1.02023 1.02023 1.02023 1.02023 1.02023 1.02023 1.02023 1.02023 1.02023 1.02023 1.02023 1.02023 1.02023 1.02023
24 0.0349857 1.0492 1.0478 1.04668 1.04437 1.04061 1.03856 1.03784 1.0362 1.03518 1.03488 1.03301 1.0313 1.03021 1.0293 1.02798 1.0271 1.02611 1.02407 1.0222 1.02126 1.02035 1.01992 1.01992 1.01992 1.01992 1.01991 1.01991 1.01991 1.01991 1.01991 1.01991 1.01991 1.01991 1.01991 1.01991 1.01991 1.01991 1.01991
25 0 1.04915 1.04755 1.04618 1.04387 1.0401 1.03806 1.03733 1.0357 1.03467 1.03437 1.03251 1.03079 1.02971 1.02879 1.02747 1.0266 1.0256 1.02356 1.02169 1.02075 1.01984 1.01941 1.01941 1.0194 1.0194 1.0194 1.0194 1.0194 1.0194 1.0194 1.0194 1.0194 1.0194 1.0194 1.0194 1.0194 1.0194 1.0194
26 0.09005 1.04899 1.0472 1.04583 1.04352 1.03975 1.0377 1.03698 1.03535 1.03432 1.03402 1.03215 1.03043 1.02935 1.02844 1.02711 1.02624 1.02524 1.0232 1.02133 1.02039 1.01948 1.01905 1.01905 1.01904 1.01904 1.01904 1.01904 1.01904 1.01904 1.01904 1.01904 1.01904 1.01904 1.01904 1.01904 1.01904 1.01904 1.01904
27 0.0488774 1.04883 1.04685 1.04548 1.04317 1.0394 1.03735 1.03663 1.03499 1.03397 1.03367 1.0318 1.03008 1.029 1.02808 1.02676 1.02588 1.02489 1.02285 1.02097 1.02003 1.01912 1.01869 1.01869 1.01869 1.01869 1.01869 1.01869 1.01868 1.01868 1.01868 1.01868 1.01868 1.01868 1.01868 1.01868 1.01868 1.01868 1.01868
28 0.07 1.04861 1.04662 1.04526 1.04295 1.03918 1.03713 1.0364 1.03477 1.03374 1.03344 1.03157 1.02985 1.02877 1.02785 1.02653 1.02566 1.02466 1.02262 1.02074 1.0198 1.01889 1.01846 1.01846 1.01846 1.01846 1.01845 1.01845 1.01845 1.01845 1.01845 1.01845 1.01845 1.01845 1.01845 1.01845 1.01845 1.01845 1.01845
29 0.0259422 1.04856 1.04658 1.04521 1.0429 1.03913 1.03708 1.03636 1.03472 1.03369 1.03339 1.03152 1.02981 1.02872 1.02781 1.02648 1.02561 1.02461 1.02257 1.0207 1.01976 1.01884 1.01841 1.01841 1.01841 1.01841 1.01841 1.01841 1.01841 1.01841 1.01841 1.01841 1.01841 1.01841 1.01841 1.01841 1.01841 1.01841 1.01841
30 0.0786003 1.04865 1.04667 1.0453 1.04299 1.03922 1.03717 1.03645 1.03481 1.03378 1.03348 1.03161 1.02989 1.02881 1.0279 1.02657 1.0257 1.0247 1.02266 1.02079 1.01984 1.01893 1.0185 1.0185 1.0185 1.0185 1.0185 1.0185 1.0185 1.0185 1.0185 1.0185 1.0185 1.0185 1.0185 1.01849 1.01849 1.01849 1.01849
31 0.125096 1.04895 1.04851 1.04646 1.044 1.04199 1.03981 1.03808 1.03738 1.03632 1.03433 1.03327 1.03136 1.03035 1.02877 1.02806 1.02649 1.02462 1.02287 1.02141 1.02005 1.01971 1.01928 1.01928 1.01928 1.01928 1.01928 1.01928 1.01928 1.01928 1.01928 1.01928 1.01928 1.01928 1.01928 1.01928 1.01928 1.01928 1.01928
32 0 1.04872 1.04689 1.04246 1.03909 1.0365 1.03285 1.03058 1.02964 1.02677 1.02369 1.02177 1.01917 1.01701 1.01491 1.01328 1.00995 1.00673 1.00436 1.00209 1.00052 1.00018 0.99974 0.999737 0.999736 0.999734 0.999733 0.999732 0.999731 0.999731 0.99973 0.99973 0.99973 0.99973 0.99973 0.99973 0.999729 0.999729 0.999729
33 0.269429 1.04754 1.04571 1.04128 1.0379 1.03531 1.03165 1.02939 1.02844 1.02557 1.02248 1.02056 1.01796 1.01579 1.0137 1.01206 1.00873 1.0055 1.00313 1.00086 0.999288 0.998947 0.998506 0.998504 0.998502 0.998501 0.998499 0.998498 0.998498 0.998497 0.998497 0.998496 0.998496 0.998496 0.998496 0.998496 0.998496 0.998496 0.998496
34 0.16682 1.04752 1.0419 1.0373 1.03306 1.02776 1.02415 1.02153 1.01686 1.0132 1.00879 1.00605 1.00137 0.999024 0.995124 0.99048 0.985586 0.981851 0.978049 0.975963 0.974354 0.974004 0.973552 0.973548 0.973546 0.973543 0.973542 0.973541 0.97354 0.973539 0.973538 0.973538 0.973538 0.973537 0.973537 0.973537 0.973537 0.973537 0.973537
35 0 1.04831 1.04548 1.04148 1.0379 1.0345 1.03117 1.02883 1.02668 1.02394 1.02056 1.01852 1.01533 1.01335 1.0107 1.00825 1.00473 1.00156 0.998795 0.996752 0.995177 0.994834 0.994392 0.994389 0.994387 0.994385 0.994384 0.994383 0.994382 0.994382 0.994381 0.994381 0.994381 0.994381 0.994381 0.994381 0.994381 0.994381 0.994381
36 0.0144222 1.0483 1.04536 1.04119 1.03761 1.03421 1.03089 1.02855 1.02639 1.02365 1.02027 1.01823 1.01504 1.01305 1.0104 1.00795 1.00444 1.00127 0.998498 0.996454 0.994879 0.994536 0.994093 0.994091 0.994089 0.994087 0.994086 0.994085 0.994084 0.994084 0.994083 0.994083 0.994083 0.994082 0.994082 0.994082 0.994082 0.994082 0.994082
37 0 1.04829 1.04528 1.041 1.03743 1.03402 1.0307 1.02836 1.0262 1.02346 1.02008 1.01804 1.01485 1.01286 1.01021 1.00776 1.00425 1.00107 0.998303 0.996259 0.994683 0.99434 0.993898 0.993895 0.993893 0.993891 0.99389 0.993889 0.993888 0.993888 0.993887 0.993887 0.993887 0.993887 0.993887 0.993886 0.993886 0.993886 0.993886
38 0.0546443 1.04821 1.04508 1.04081 1.03723 1.03382 1.0305 1.02816 1.026 1.02326 1.01988 1.01784 1.01465 1.01266 1.01001 1.00756 1.00404 1.00087 0.998098 0.996053 0.994477 0.994134 0.993691 0.993689 0.993687 0.993685 0.993684 0.993683 0.993682 0.993682 0.993681 0.993681 0.993681 0.99368 0.99368 0.99368 0.99368 0.99368 0.99368
39 0.0349857 1.04816 1.04498 1.0407 1.03712 1.03372 1.03039 1.02805 1.02589 1.02315 1.01977 1.01773 1.01454 1.01255 1.0099 1.00745 1.00393 1.00076 0.997987 0.995943 0.994366 0.994023 0.993581 0.993578 0.993576 0.993574 0.993573 0.993572 0.993571 0.993571 0.99357 0.99357 0.99357 0.99357 0.993569 0.993569 0.993569 0.993569 0.993569
40 0 1.04813 1.04489 1.04062 1.03704 1.03363 1.03031 1.02796 1.02581 1.02307 1.01968 1.01764 1.01445 1.01246 1.00981 1.00736 1.00384 1.00067 0.997899 0.995854 0.994277 0.993934 0.993491 0.993489 0.993487 0.993485 0.993484 0.993483 0.993482 0.993482 0.993481 0.993481 0.993481 0.99348 0.99348 0.99348 0.99348 0.99348 0.99348
41 0.10017 1.04797 1.04474 1.04046 1.03688 1.03347 1.03015 1.0278 1.02565 1.02291 1.01952 1.01748 1.01429 1.0123 1.00965 1.0072 1.00368 1.00051 0.997735 0.995689 0.994113 0.99377 0.993327 0.993324 0.993322 0.993321 0.993319 0.993318 0.993318 0.993317 0.993317 0.993316 0.993316 0.993316 0.993316 0.993316 0.993316 0.993316 0.993316
42 0.0300167 1.048 1.04476 1.04048 1.0369 1.0335 1.03017 1.02783 1.02567 1.02293 1.01955 1.0175 1.01432 1.01233 1.00968 1.00722 1.00371 1.00053 0.997761 0.995715 0.994139 0.993796 0.993353 0.99335 0.993348 0.993346 0.993345 0.993344 0.993343 0.993343 0.993342 0.993342 0.993342 0.993342 0.993342 0.993342 0.993342 0.993342 0.993342
43 0.0391152 1.04742 1.04525 1.04139 1.03722 1.03419 1.03083 1.02755 1.02566 1.02275 1.01934 1.01688 1.01393 1.01153 1.00832 1.00587 1.00249 0.999039 0.996512 0.994464 0.992885 0.992541 0.992098 0.992095 0.992093 0.992091 0.99209 0.992089 0.992088 0.992088 0.992087 0.992087 0.992087 0.992087 0.992087 0.992086 0.992086 0.992086 0.992086
44 0.0621289 1.04773 1.04557 1.04171 1.03776 1.03476 1.03143 1.02844 1.02665 1.02386 1.02052 1.01824 1.01532 1.01307 1.0101 1.00781 1.00448 1.00115 0.998632 0.996589 0.995013 0.994671 0.994228 0.994226 0.994224 0.994222 0.994221 0.99422 0.994219 0.994219 0.994218 0.994218 0.994218 0.994217 0.994217 0.994217 0.994217 0.994217 0.994217
45 0.0438292 1.04821 1.04609 1.04223 1.03861 1.03566 1.03238 1.02984 1.02821 1.02559 1.02239 1.02036 1.01752 1.01548 1.01291 1.01085 1.00763 1.00449 1.00197 0.999936 0.998366 0.998024 0.997583 0.997581 0.997579 0.997577 0.997576 0.997575 0.997574 0.997574 0.997574 0.997573 0.997573 0.997573 0.997573 0.997573 0.997573 0.997573 0.997573
46 0.0288444 1.04718 1.04504 1.04053 1.03663 1.03356 1.02939 1.02627 1.02421 1.02125 1.01747 1.01517 1.01186 1.00895 1.00568 1.0033 0.999666 0.996395 0.993861 0.991808 0.990225 0.98988 0.989435 0.989433 0.989431 0.989429 0.989428 0.989427 0.989426 0.989425 0.989425 0.989424 0.989424 0.989424 0.989424 0.989424 0.989424 0.989424 0.989424
47 0 1.04704 1.04429 1.03958 1.03557 1.03168 1.02707 1.02358 1.02124 1.01776 1.01377 1.01105 1.00696 1.00348 0.999954 0.997214 0.993497 0.990206 0.987656 0.985589 0.983996 0.983649 0.983201 0.983199 0.983196 0.983195 0.983193 0.983192 0.983191 0.983191 0.98319 0.98319 0.98319 0.98319 0.98319 0.983189 0.983189 0.983189 0.983189
48 0.04219 1.04699 1.04417 1.03945 1.03539 1.0315 1.02671 1.02313 1.02073 1.01725 1.01326 1.01054 1.00644 1.00296 0.999435 0.996694 0.992975 0.989682 0.987131 0.985063 0.983469 0.983122 0.982674 0.982671 0.982669 0.982667 0.982666 0.982665 0.982664 0.982663 0.982663 0.982663 0.982662 0.982662 0.982662 0.982662 0.982662 0.982662 0.982662
49 0 1.04697 1.04412 1.0394 1.03532 1.03143 1.02655 1.02293 1.02051 1.01703 1.01304 1.01032 1.00622 1.00274 0.999211 0.99647 0.992749 0.989456 0.986904 0.984836 0.983241 0.982894 0.982446 0.982443 0.982441 0.982439 0.982438 0.982437 0.982436 0.982435 0.982435 0.982435 0.982434 0.982434 0.982434 0.982434 0.982434 0.982434 0.982434
50 0.0564004 1.04689 1.04404 1.03925 1.03517 1.03106 1.02608 1.02241 1.01998 1.0165 1.0125 1.00978 1.00568 1.0022 0.998671 0.995928 0.992206 0.98891 0.986357 0.984288 0.982692 0.982345 0.981897 0.981894 0.981892 0.98189 0.981889 0.981887 0.981887 0.981886 0.981886 0.981885 0.981885 0.981885 0.981885 0.981885 0.981885 0.981885 0.981885
51 0 1.04688 1.04402 1.03923 1.03515 1.031 1.02601 1.02232 1.0199 1.01642 1.01242 1.00969 1.0056 1.00211 0.998583 0.99584 0.992118 0.988822 0.986269 0.984199 0.982603 0.982256 0.981808 0.981805 0.981803 0.981801 0.9818 0.981799 0.981798 0.981797 0.981797 0.981796 0.981796 0.981796 0.981796 0.981796 0.981796 0.981796 0.981796
52 0.0108167 1.04686 1.04393 1.03914 1.03477 1.0305 1.02543 1.02174 1.01931 1.01583 1.01183 1.0091 1.005 1.00152 0.997983 0.995238 0.991514 0.988216 0.985661 0.98359 0.981993 0.981646 0.981197 0.981194 0.981192 0.98119 0.981189 0.981188 0.981187 0.981187 0.981186 0.981186 0.981186 0.981185 0.981185 0.981185 0.981185 0.981185 0.981185
53 0 1.04687 1.04396 1.03916 1.03488 1.03064 1.02559 1.0219 1.01947 1.01599 1.01199 1.00927 1.00517 1.00168 0.998151 0.995407 0.991682 0.988385 0.985831 0.98376 0.982164 0.981816 0.981368 0.981365 0.981363 0.981361 0.98136 0.981359 0.981358 0.981357 0.981357 0.981356 0.981356 0.981356 0.981356 0.981356 0.981356 0.981356 0.981356
54 0.0428019 1.04683 1.04391 1.03896 1.0346 1.03032 1.02526 1.02157 1.01915 1.01566 1.01166 1.00894 1.00484 1.00135 0.997816 0.995071 0.991346 0.988047 0.985492 0.983421 0.981824 0.981476 0.981028 0.981025 0.981023 0.981021 0.981019 0.981018 0.981018 0.981017 0.981017 0.981016 0.981016 0.981016 0.981016 0.981016 0.981016 0.981016 0.981016
55 0 1.04679 1.04388 1.03877 1.03434 1.03001 1.02496 1.02127 1.01884 1.01535 1.01135 1.00863 1.00452 1.00104 0.997502 0.994756 0.991029 0.98773 0.985173 0.983102 0.981504 0.981157 0.980708 0.980705 0.980703 0.980701 0.9807 0.980698 0.980698 0.980697 0.980697 0.980696 0.980696 0.980696 0.980696 0.980696 0.980696 0.980696 0.980696
56 0 1.04679 1.04355 1.03829 1.03377 1.02944 1.02438 1.02069 1.01826 1.01477 1.01077 1.00804 1.00394 1.00045 0.996912 0.994164 0.990435 0.987134 0.984576 0.982503 0.980905 0.980557 0.980108 0.980105 0.980103 0.980101 0.9801 0.980099 0.980098 0.980097 0.980097 0.980096 0.980096 0.980096 0.980096 0.980096 0.980096 0.980096 0.980096
57 0 1.04672 1.04343 1.03815 1.03363 1.0293 1.02423 1.02054 1.01811 1.01462 1.01062 1.00789 1.00379 1.0003 0.996759 0.994011 0.990282 0.98698 0.984422 0.982348 0.98075 0.980402 0.979952 0.97995 0.979947 0.979946 0.979944 0.979943 0.979942 0.979942 0.979941 0.979941 0.979941 0.979941 0.979941 0.979941 0.97994 0.97994 0.97994
58 0 1.04667 1.04335 1.03806 1.03354 1.02921 1.02414 1.02045 1.01802 1.01453 1.01053 1.0078 1.00369 1.0002 0.996667 0.993919 0.990189 0.986887 0.984329 0.982255 0.980656 0.980308 0.979859 0.979856 0.979854 0.979852 0.979851 0.97985 0.979849 0.979848 0.979848 0.979848 0.979847 0.979847 0.979847 0.979847 0.979847 0.979847 0.979847
59 0.065215 1.04677 1.04351 1.03825 1.03372 1.02939 1.02433 1.02064 1.01821 1.01472 1.01072 1.00799 1.00389 1.0004 0.996861 0.994113 0.990384 0.987083 0.984525 0.982452 0.980853 0.980505 0.980056 0.980053 0.980051 0.980049 0.980048 0.980047 0.980046 0.980045 0.980045 0.980045 0.980044 0.980044 0.980044 0.980044 0.980044 0.980044 0.980044
60 0.0403113 1.04668 1.04336 1.03807 1.03355 1.02922 1.02416 1.02047 1.01804 1.01455 1.01054 1.00782 1.00371 1.00022 0.996683 0.993935 0.990205 0.986903 0.984345 0.982271 0.980672 0.980324 0.979875 0.979872 0.97987 0.979868 0.979867 0.979866 0.979865 0.979865 0.979864 0.979864 0.979864 0.979863 0.979863 0.979863 0.979863 0.979863 0.979863
61 0.0283019 1.04664 1.04332 1.03803 1.03351 1.02918 1.02412 1.02042 1.018 1.01451 1.0105 1.00777 1.00367 1.00018 0.99664 0.993892 0.990162 0.98686 0.984301 0.982228 0.980629 0.980281 0.979832 0.979829 0.979827 0.979825 0.979823 0.979822 0.979822 0.979821 0.979821 0.97982 0.97982 0.97982 0.97982 0.97982 0.97982 0.97982 0.97982
62 0 1.04679 1.04359 1.03836 1.03385 1.02952 1.02446 1.02076 1.01834 1.01485 1.01085 1.00812 1.00401 1.00052 0.996988 0.994241 0.990512 0.987211 0.984653 0.98258 0.980982 0.980634 0.980185 0.980182 0.98018 0.980178 0.980177 0.980176 0.980175 0.980175 0.980174 0.980174 0.980174 0.980173 0.980173 0.980173 0.980173 0.980173 0.980173
63 0 1.04665 1.04341 1.03815 1.03364 1.02931 1.02425 1.02055 1.01812 1.01464 1.01063 1.0079 1.0038 1.00031 0.996771 0.994024 0.990294 0.986992 0.984434 0.982361 0.980762 0.980414 0.979965 0.979962 0.97996 0.979958 0.979957 0.979956 0.979955 0.979954 0.979954 0.979953 0.979953 0.979953 0.979953 0.979953 0.979953 0.979953 0.979953
64 0 1.04656 1.04327 1.038 1.03349 1.02916 1.0241 1.02041 1.01798 1.01449 1.01048 1.00775 1.00365 1.00016 0.996621 0.993873 0.990143 0.986841 0.984282 0.982208 0.98061 0.980262 0.979812 0.979809 0.979807 0.979805 0.979804 0.979803 0.979802 0.979802 0.979801 0.979801 0.979801 0.9798 0.9798 0.9798 0.9798 0.9798 0.9798
65 0.0948683 1.04665 1.04342 1.03816 1.03365 1.02932 1.02426 1.02056 1.01814 1.01465 1.01064 1.00791 1.00381 1.00032 0.996783 0.994035 0.990306 0.987004 0.984446 0.982373 0.980774 0.980426 0.979977 0.979974 0.979972 0.97997 0.979969 0.979968 0.979967 0.979966 0.979966 0.979965 0.979965 0.979965 0.979965 0.979965 0.979965 0.979965 0.979965
66 0.0274591 1.04663 1.04338 1.03812 1.03361 1.02928 1.02422 1.02052 1.01809 1.01461 1.0106 1.00787 1.00377 1.00028 0.996741 0.993993 0.990263 0.986961 0.984403 0.982329 0.980731 0.980383 0.979934 0.979931 0.979929 0.979927 0.979925 0.979924 0.979924 0.979923 0.979922 0.979922 0.979922 0.979922 0.979922 0.979922 0.979922 0.979922 0.979922
67 0.0152643 1.04654 1.04325 1.03799 1.03348 1.02915 1.02409 1.02039 1.01796 1.01447 1.01047 1.00774 1.00363 1.00014 0.996607 0.993859 0.990128 0.986826 0.984267 0.982194 0.980595 0.980247 0.979798 0.979795 0.979793 0.979791 0.979789 0.979788 0.979788 0.979787 0.979786 0.979786 0.979786 0.979786 0.979786 0.979786 0.979786 0.979786 0.979786
68 0 1.04519 1.04232 1.03574 1.03008 1.0257 1.02074 1.01615 1.01303 1.00847 1.00225 0.997583 0.992532 0.988048 0.984068 0.981307 0.977529 0.974184 0.971592 0.969491 0.967871 0.967518 0.967063 0.96706 0.967057 0.967055 0.967054 0.967053 0.967052 0.967051 0.967051 0.967051 0.96705 0.96705 0.96705 0.96705 0.96705 0.96705 0.96705
69 0.0408167 1.04517 1.0423 1.03572 1.03006 1.02568 1.02072 1.01612 1.01301 1.00844 1.00222 0.997559 0.992508 0.988023 0.984043 0.981283 0.977504 0.974159 0.971567 0.969466 0.967846 0.967493 0.967038 0.967035 0.967032 0.96703 0.967029 0.967028 0.967027 0.967026 0.967026 0.967025 0.967025 0.967025 0.967025 0.967025 0.967025 0.967025 0.967025
70 0 1.04592 1.04229 1.0365 1.0312 1.0268 1.02155 1.01744 1.01403 1.00925 1.00359 0.999398 0.994231 0.990239 0.986267 0.983513 0.979743 0.976405 0.973819 0.971723 0.970106 0.969754 0.9693 0.969297 0.969294 0.969293 0.969291 0.96929 0.969289 0.969289 0.969288 0.969288 0.969288 0.969287 0.969287 0.969287 0.969287 0.969287 0.969287
71 0.0294109 1.04589 1.04211 1.03631 1.03102 1.02661 1.02136 1.01724 1.01383 1.00906 1.0034 0.999203 0.994036 0.990042 0.98607 0.983315 0.979545 0.976206 0.97362 0.971523 0.969906 0.969554 0.9691 0.969097 0.969094 0.969092 0.969091 0.96909 0.969089 0.969088 0.969088 0.969087 0.969087 0.969087 0.969087 0.969087 0.969087 0.969087 0.969087
72 0 1.04588 1.04203 1.03623 1.03093 1.02653 1.02127 1.01716 1.01375 1.00897 1.00331 0.999118 0.99395 0.989956 0.985984 0.983228 0.979458 0.976119 0.973532 0.971435 0.969818 0.969466 0.969011 0.969008 0.969006 0.969004 0.969003 0.969002 0.969001 0.969 0.969 0.968999 0.968999 0.968999 0.968999 0.968999 0.968999 0.968999 0.968999
73 0.0552178 1.0457 1.04184 1.03604 1.03074 1.02634 1.02108 1.01697 1.01356 1.00878 1.00312 0.998923 0.993754 0.98976 0.985786 0.983031 0.979259 0.97592 0.973332 0.971235 0.969618 0.969265 0.968811 0.968808 0.968805 0.968804 0.968802 0.968801 0.9688 0.9688 0.968799 0.968799 0.968799 0.968798 0.968798 0.968798 0.968798 0.968798 0.968798
74 0.0377359 1.04563 1.04177 1.03597 1.03067 1.02627 1.02101 1.0169 1.01349 1.00871 1.00305 0.998852 0.993682 0.989687 0.985714 0.982958 0.979186 0.975846 0.973259 0.971161 0.969544 0.969192 0.968737 0.968734 0.968731 0.96873 0.968728 0.968727 0.968726 0.968726 0.968725 0.968725 0.968725 0.968724 0.968724 0.968724 0.968724 0.968724 0.968724
75 0.0302324 1.04572 1.04187 1.03607 1.03077 1.02637 1.02111 1.017 1.01358 1.00881 1.00315 0.99895 0.993781 0.989787 0.985814 0.983058 0.979286 0.975947 0.97336 0.971263 0.969645 0.969293 0.968839 0.968835 0.968833 0.968831 0.96883 0.968829 0.968828 0.968827 0.968827 0.968826 0.968826 0.968826 0.968826 0.968826 0.968826 0.968826 0.968826
76 0.0645368 1.04563 1.04177 1.03597 1.03067 1.02627 1.02101 1.0169 1.01348 1.00871 1.00305 0.998848 0.993678 0.989683 0.98571 0.982954 0.979182 0.975842 0.973254 0.971157 0.96954 0.969187 0.968733 0.96873 0.968727 0.968725 0.968724 0.968723 0.968722 0.968721 0.968721 0.968721 0.96872 0.96872 0.96872 0.96872 0.96872 0.96872 0.96872
77 0.0436005 1.045 1.04138 1.03549 1.03005 1.02511 1.0197 1.01506 1.01071 1.00535 0.999458 0.994819 0.989632 0.985621 0.98163 0.978863 0.975075 0.971722 0.969123 0.967016 0.965392 0.965038 0.964581 0.964578 0.964576 0.964574 0.964573 0.964571 0.964571 0.96457 0.964569 0.964569 0.964569 0.964569 0.964569 0.964569 0.964569 0.964569 0.964569
78 0 1.04467 1.04098 1.03502 1.02924 1.02434 1.0186 1.01344 1.00894 1.00358 0.997435 0.992907 0.98771 0.983691 0.979693 0.97692 0.973125 0.969764 0.96716 0.965049 0.963422 0.963067 0.96261 0.962606 0.962604 0.962602 0.962601 0.962599 0.962599 0.962598 0.962597 0.962597 0.962597 0.962597 0.962597 0.962597 0.962597 0.962597 0.962597
79 0.0416173 1.04463 1.04094 1.03497 1.02919 1.0243 1.01856 1.01339 1.0089 1.00354 0.997389 0.992861 0.987664 0.983645 0.979646 0.976873 0.973078 0.969717 0.967113 0.965002 0.963374 0.96302 0.962562 0.962559 0.962557 0.962555 0.962553 0.962552 0.962551 0.962551 0.96255 0.96255 0.96255 0.962549 0.962549 0.962549 0.962549 0.962549 0.962549
80 0 1.04484 1.04105 1.03465 1.02885 1.02351 1.01705 1.01157 1.00699 1.00129 0.995217 0.990679 0.98547 0.981442 0.977435 0.974655 0.970851 0.967483 0.964872 0.962757 0.961125 0.96077 0.960311 0.960308 0.960305 0.960303 0.960302 0.960301 0.9603 0.960299 0.960299 0.960299 0.960298 0.960298 0.960298 0.960298 0.960298 0.960298 0.960298
81 0.071218 1.04479 1.04099 1.03459 1.02879 1.02345 1.01699 1.01151 1.00693 1.00123 0.995155 0.990616 0.985407 0.981379 0.977371 0.974591 0.970787 0.967418 0.964808 0.962692 0.96106 0.960705 0.960246 0.960243 0.960241 0.960239 0.960237 0.960236 0.960235 0.960235 0.960234 0.960234 0.960233 0.960233 0.960233 0.960233 0.960233 0.960233 0.960233
82 0 1.04484 1.04073 1.03435 1.02823 1.0224 1.01576 1.01025 1.00543 0.999812 0.993731 0.989186 0.983969 0.979935 0.975921 0.973137 0.969327 0.965953 0.963339 0.96122 0.959586 0.95923 0.95877 0.958767 0.958765 0.958763 0.958761 0.95876 0.958759 0.958759 0.958758 0.958758 0.958758 0.958757 0.958757 0.958757 0.958757 0.958757 0.958757
83 0.0399625 1.04475 1.04053 1.03399 1.02757 1.02138 1.01473 1.00922 1.00439 0.998771 0.992684 0.988134 0.982912 0.978873 0.974855 0.972068 0.968254 0.964876 0.962259 0.960137 0.958501 0.958145 0.957685 0.957682 0.957679 0.957677 0.957676 0.957675 0.957674 0.957673 0.957673 0.957673 0.957672 0.957672 0.957672 0.957672 0.957672 0.957672 0.957672
84 0 1.04479 1.0406 1.03412 1.02782 1.02175 1.01511 1.0096 1.00478 0.999156 0.99307 0.988523 0.983302 0.979265 0.975249 0.972463 0.96865 0.965274 0.962658 0.960537 0.958902 0.958545 0.958086 0.958083 0.95808 0.958078 0.958077 0.958076 0.958075 0.958074 0.958074 0.958073 0.958073 0.958073 0.958073 0.958073 0.958073 0.958073 0.958073
85 0 1.04473 1.04046 1.03382 1.02732 1.02126 1.01461 1.0091 1.00427 0.998649 0.99256 0.98801 0.982787 0.978748 0.974729 0.971942 0.968127 0.964749 0.962132 0.96001 0.958374 0.958017 0.957557 0.957554 0.957552 0.95755 0.957548 0.957547 0.957546 0.957546 0.957545 0.957545 0.957545 0.957544 0.957544 0.957544 0.957544 0.957544 0.957544
86 0.0266271 1.04468 1.04041 1.03377 1.02727 1.02121 1.01456 1.00905 1.00422 0.998599 0.99251 0.98796 0.982737 0.978697 0.974678 0.971891 0.968076 0.964698 0.96208 0.959958 0.958322 0.957965 0.957505 0.957502 0.9575 0.957498 0.957496 0.957495 0.957494 0.957494 0.957493 0.957493 0.957493 0.957492 0.957492 0.957492 0.957492 0.957492 0.957492
87 0.0399625 1.04465 1.04039 1.03375 1.02725 1.02118 1.01454 1.00902 1.0042 0.998573 0.992484 0.987933 0.98271 0.97867 0.974651 0.971864 0.968049 0.964671 0.962053 0.959931 0.958294 0.957938 0.957478 0.957475 0.957472 0.95747 0.957469 0.957468 0.957467 0.957466 0.957466 0.957465 0.957465 0.957465 0.957465 0.957465 0.957465 0.957465 0.957465
88 0.0522015 1.0447 1.04041 1.03371 1.02714 1.02107 1.01442 1.00891 1.00408 0.998456 0.992367 0.987816 0.982592 0.978551 0.974532 0.971744 0.967929 0.96455 0.961932 0.959809 0.958173 0.957816 0.957356 0.957353 0.957351 0.957349 0.957347 0.957346 0.957345 0.957345 0.957344 0.957344 0.957344 0.957343 0.957343 0.957343 0.957343 0.957343 0.957343
89 0 1.04471 1.04043 1.03376 1.02722 1.02116 1.01451 1.009 1.00417 0.998545 0.992456 0.987905 0.982682 0.978642 0.974623 0.971836 0.96802 0.964642 0.962024 0.959902 0.958266 0.957909 0.957449 0.957446 0.957443 0.957442 0.95744 0.957439 0.957438 0.957437 0.957437 0.957437 0.957436 0.957436 0.957436 0.957436 0.957436 0.957436 0.957436
90 0 1.04471 1.0403 1.03346 1.02692 1.02086 1.01421 1.00869 1.00386 0.998237 0.992146 0.987594 0.982369 0.978328 0.974308 0.971519 0.967703 0.964323 0.961705 0.959582 0.957945 0.957588 0.957128 0.957125 0.957122 0.957121 0.957119 0.957118 0.957117 0.957116 0.957116 0.957116 0.957115 0.957115 0.957115 0.957115 0.957115 0.957115 0.957115
91 0 1.04463 1.04014 1.0333 1.02676 1.02069 1.01404 1.00853 1.0037 0.998071 0.991979 0.987426 0.9822 0.978158 0.974137 0.971349 0.967531 0.964151 0.961532 0.959409 0.957772 0.957415 0.956955 0.956951 0.956949 0.956947 0.956946 0.956945 0.956944 0.956943 0.956943 0.956942 0.956942 0.956942 0.956942 0.956942 0.956942 0.956942 0.956942
92 0.0562228 1.04468 1.04024 1.03341 1.02687 1.0208 1.01415 1.00863 1.0038 0.998179 0.992087 0.987535 0.98231 0.978268 0.974248 0.971459 0.967642 0.964263 0.961644 0.959521 0.957884 0.957527 0.957067 0.957064 0.957061 0.957059 0.957058 0.957057 0.957056 0.957055 0.957055 0.957054 0.957054 0.957054 0.957054 0.957054 0.957054 0.957054 0.957054
93 0.04219 1.04459 1.0401 1.03326 1.02672 1.02065 1.014 1.00849 1.00366 0.998031 0.991938 0.987386 0.982159 0.978117 0.974096 0.971307 0.96749 0.96411 0.96149 0.959367 0.95773 0.957373 0.956913 0.956909 0.956907 0.956905 0.956904 0.956902 0.956902 0.956901 0.9569 0.9569 0.9569 0.9569 0.9569 0.9569 0.956899 0.956899 0.956899
94 0 1.04471 1.04026 1.03339 1.02685 1.02078 1.01413 1.00862 1.00379 0.998162 0.992071 0.987518 0.982293 0.978251 0.974231 0.971442 0.967625 0.964246 0.961627 0.959504 0.957867 0.95751 0.95705 0.957046 0.957044 0.957042 0.957041 0.957039 0.957039 0.957038 0.957038 0.957037 0.957037 0.957037 0.957037 0.957037 0.957037 0.957037 0.957037
95 0.0802122 1.0446 1.03998 1.03311 1.02656 1.0205 1.01384 1.00833 1.0035 0.997869 0.991776 0.987222 0.981995 0.977952 0.97393 0.971141 0.967323 0.963942 0.961322 0.959199 0.957561 0.957204 0.956744 0.956741 0.956738 0.956736 0.956735 0.956734 0.956733 0.956732 0.956732 0.956731 0.956731 0.956731 0.956731 0.956731 0.956731 0.956731 0.956731
96 0 1.04457 1.03991 1.03303 1.02649 1.02042 1.01377 1.00825 1.00342 0.997793 0.991699 0.987145 0.981917 0.977874 0.973852 0.971063 0.967244 0.963863 0.961243 0.959119 0.957482 0.957125 0.956664 0.956661 0.956659 0.956657 0.956655 0.956654 0.956653 0.956653 0.956652 0.956652 0.956652 0.956651 0.956651 0.956651 0.956651 0.956651 0.956651
97 0.0274591 1.04445 1.03979 1.03291 1.02637 1.0203 1.01365 1.00813 1.0033 0.997668 0.991574 0.987019 0.981791 0.977747 0.973725 0.970934 0.967116 0.963734 0.961114 0.95899 0.957352 0.956995 0.956534 0.956531 0.956529 0.956527 0.956525 0.956524 0.956523 0.956523 0.956522 0.956522 0.956522 0.956521 0.956521 0.956521 0.956521 0.956521 0.956521
98 0.0880057 1.04441 1.03975 1.03287 1.02633 1.02026 1.01361 1.00809 1.00326 0.997629 0.991534 0.986979 0.981751 0.977707 0.973684 0.970894 0.967075 0.963693 0.961073 0.958949 0.957311 0.956954 0.956493 0.95649 0.956488 0.956486 0.956484 0.956483 0.956482 0.956482 0.956481 0.956481 0.956481 0.95648 0.95648 0.95648 0.95648 0.95648 0.95648
99 0 1.04484 1.04054 1.03411 1.0278 1.02163 1.01478 1.00919 1.00421 0.998585 0.992496 0.987946 0.982723 0.978683 0.974664 0.971877 0.968062 0.964684 0.962066 0.959944 0.958307 0.957951 0.957491 0.957488 0.957485 0.957483 0.957482 0.957481 0.95748 0.957479 0.957479 0.957479 0.957478 0.957478 0.957478 0.957478 0.957478 0.957478 0.957478
100 0.0302324 1.04482 1.04052 1.03393 1.02757 1.0214 1.01454 1.00895 1.00397 0.998349 0.992259 0.987707 0.982482 0.978442 0.974422 0.971634 0.967818 0.964439 0.96182 0.959698 0.958061 0.957705 0.957244 0.957241 0.957239 0.957237 0.957235 0.957234 0.957233 0.957233 0.957232 0.957232 0.957232 0.957232 0.957231 0.957231 0.957231 0.957231 0.957231
101 0 1.0448 1.0405 1.03381 1.02741 1.02124 1.01439 1.00879 1.00381 0.998188 0.992097 0.987544 0.982319 0.978278 0.974257 0.971469 0.967652 0.964272 0.961653 0.95953 0.957893 0.957537 0.957077 0.957073 0.957071 0.957069 0.957067 0.957066 0.957066 0.957065 0.957064 0.957064 0.957064 0.957064 0.957064 0.957064 0.957063 0.957063 0.957063
102 0 1.0448 1.04024 1.03346 1.02705 1.02088 1.01402 1.00843 1.00344 0.997815 0.991722 0.987168 0.98194 0.977897 0.973876 0.971086 0.967268 0.963887 0.961267 0.959143 0.957505 0.957148 0.956688 0.956685 0.956682 0.956681 0.956679 0.956678 0.956677 0.956676 0.956676 0.956676 0.956675 0.956675 0.956675 0.956675 0.956675 0.956675 0.956675
103 0 1.04472 1.04002 1.03323 1.02682 1.02065 1.01379 1.0082 1.00321 0.997583 0.991488 0.986933 0.981705 0.977661 0.973638 0.970848 0.967028 0.963647 0.961026 0.958902 0.957264 0.956907 0.956446 0.956443 0.95644 0.956439 0.956437 0.956436 0.956435 0.956434 0.956434 0.956434 0.956433 0.956433 0.956433 0.956433 0.956433 0.956433 0.956433
104 0.0430116 1.04476 1.04014 1.03335 1.02695 1.02077 1.01392 1.00832 1.00334 0.99771 0.991616 0.987061 0.981833 0.97779 0.973768 0.970978 0.967159 0.963778 0.961157 0.959033 0.957396 0.957039 0.956578 0.956575 0.956573 0.956571 0.956569 0.956568 0.956567 0.956567 0.956566 0.956566 0.956566 0.956565 0.956565 0.956565 0.956565 0.956565 0.956565
105 0.0692026 1.04462 1.03992 1.03314 1.02673 1.02056 1.0137 1.0081 1.00312 0.997487 0.991392 0.986836 0.981607 0.977563 0.973539 0.970749 0.966929 0.963547 0.960926 0.958802 0.957163 0.956806 0.956346 0.956343 0.95634 0.956338 0.956337 0.956336 0.956335 0.956334 0.956334 0.956333 0.956333 0.956333 0.956333 0.956333 0.956333 0.956333 0.956333
106 0 1.0448 1.04006 1.03321 1.0268 1.02063 1.01377 1.00817 1.00319 0.99756 0.991465 0.98691 0.981681 0.977637 0.973614 0.970823 0.967004 0.963622 0.961001 0.958877 0.957239 0.956882 0.956421 0.956418 0.956416 0.956414 0.956412 0.956411 0.95641 0.95641 0.956409 0.956409 0.956409 0.956409 0.956409 0.956408 0.956408 0.956408 0.956408
107 0.0978008 1.04466 1.03992 1.03306 1.02666 1.02048 1.01362 1.00802 1.00304 0.99741 0.991313 0.986758 0.981528 0.977483 0.97346 0.970669 0.966849 0.963467 0.960845 0.958721 0.957082 0.956725 0.956265 0.956261 0.956259 0.956257 0.956256 0.956255 0.956254 0.956253 0.956253 0.956252 0.956252 0.956252 0.956252 0.956252 0.956252 0.956252 0.956252
108 0.0382753 1.04465 1.0399 1.03305 1.02664 1.02047 1.01361 1.00801 1.00303 0.997396 0.9913 0.986744 0.981514 0.97747 0.973446 0.970655 0.966835 0.963453 0.960832 0.958707 0.957068 0.956711 0.956251 0.956248 0.956245 0.956243 0.956242 0.956241 0.95624 0.956239 0.956239 0.956238 0.956238 0.956238 0.956238 0.956238 0.956238 0.956238 0.956238
109 0.0492443 1.04454 1.03974 1.03317 1.026 1.01881 1.01125 1.00511 0.999733 0.994084 0.987967 0.983396 0.978148 0.97409 0.970052 0.967251 0.963418 0.960024 0.957393 0.955261 0.953616 0.953258 0.952796 0.952793 0.95279 0.952788 0.952787 0.952786 0.952785 0.952784 0.952784 0.952783 0.952783 0.952783 0.952783 0.952783 0.952783 0.952783 0.952783
110 0.0152643 1.0434 1.03853 1.03119 1.02274 1.01478 1.00614 0.999192 0.993784 0.988101 0.981948 0.977348 0.972068 0.967984 0.963921 0.961102 0.957245 0.953828 0.951181 0.949034 0.947379 0.947019 0.946553 0.94655 0.946547 0.946546 0.946544 0.946543 0.946542 0.946541 0.946541 0.946541 0.94654 0.94654 0.94654 0.94654 0.94654 0.94654 0.94654
111 0 1.04371 1.03837 1.03132 1.0229 1.01476 1.00655 0.999603 0.994198 0.988517 0.982366 0.977769 0.972491 0.968409 0.964347 0.96153 0.957674 0.954259 0.951613 0.949467 0.947813 0.947453 0.946987 0.946984 0.946982 0.94698 0.946978 0.946977 0.946976 0.946976 0.946975 0.946975 0.946975 0.946974 0.946974 0.946974 0.946974 0.946974 0.946974
112 0.0557584 1.04366 1.03832 1.03127 1.02285 1.0147 1.0065 0.999551 0.994146 0.988465 0.982313 0.977716 0.972438 0.968355 0.964294 0.961476 0.95762 0.954205 0.951558 0.949413 0.947758 0.947398 0.946933 0.946929 0.946927 0.946925 0.946923 0.946922 0.946921 0.946921 0.94692 0.94692 0.94692 0.94692 0.946919 0.946919 0.946919 0.946919 0.946919
113 0.0944034 1.04331 1.03788 1.03067 1.02185 1.01384 1.00563 0.99867 0.99326 0.987574 0.981417 0.976815 0.971532 0.967446 0.96338 0.96056 0.9567 0.953282 0.950633 0.948485 0.946829 0.946468 0.946003 0.945999 0.945997 0.945995 0.945994 0.945992 0.945992 0.945991 0.94599 0.94599 0.94599 0.94599 0.94599 0.945989 0.945989 0.945989 0.945989
114 0 1.04346 1.03813 1.03101 1.02238 1.01436 1.00615 0.999203 0.993796 0.988113 0.981959 0.97736 0.97208 0.967996 0.963933 0.961114 0.957257 0.95384 0.951193 0.949046 0.947391 0.947031 0.946565 0.946562 0.94656 0.946558 0.946556 0.946555 0.946554 0.946553 0.946553 0.946553 0.946552 0.946552 0.946552 0.946552 0.946552 0.946552 0.946552
115 0 1.04346 1.03786 1.03022 1.02158 1.01356 1.00535 0.998389 0.992977 0.987289 0.981131 0.976527 0.971243 0.967155 0.963089 0.960268 0.956406 0.952987 0.950337 0.948189 0.946532 0.946171 0.945706 0.945702 0.9457 0.945698 0.945696 0.945695 0.945694 0.945694 0.945693 0.945693 0.945693 0.945693 0.945692 0.945692 0.945692 0.945692 0.945692
116 0 1.0434 1.0377 1.03005 1.02141 1.01339 1.00517 0.998217 0.992804 0.987115 0.980955 0.976351 0.971066 0.966977 0.96291 0.960089 0.956227 0.952807 0.950156 0.948007 0.946351 0.945989 0.945524 0.94552 0.945518 0.945516 0.945514 0.945513 0.945512 0.945512 0.945511 0.945511 0.945511 0.945511 0.94551 0.94551 0.94551 0.94551 0.94551
117 0.045793 1.04337 1.03765 1.03 1.02136 1.01334 1.00512 0.998162 0.992749 0.98706 0.9809 0.976295 0.97101 0.966921 0.962853 0.960032 0.95617 0.952749 0.950099 0.94795 0.946293 0.945932 0.945466 0.945463 0.94546 0.945458 0.945457 0.945456 0.945455 0.945454 0.945454 0.945453 0.945453 0.945453 0.945453 0.945453 0.945453 0.945453 0.945453
118 0.0671193 1.04333 1.03763 1.02999 1.02134 1.01332 1.00511 0.998148 0.992735 0.987046 0.980885 0.976281 0.970995 0.966907 0.962839 0.960017 0.956155 0.952735 0.950084 0.947935 0.946278 0.945917 0.945451 0.945448 0.945445 0.945444 0.945442 0.945441 0.94544 0.945439 0.945439 0.945439 0.945438 0.945438 0.945438 0.945438 0.945438 0.945438 0.945438
119 0 1.04346 1.03791 1.03036 1.02172 1.0137 1.00549 0.998533 0.993122 0.987435 0.981277 0.976675 0.971391 0.967304 0.963238 0.960417 0.956557 0.953138 0.950488 0.948341 0.946684 0.946323 0.945858 0.945854 0.945852 0.94585 0.945848 0.945847 0.945846 0.945846 0.945845 0.945845 0.945845 0.945845 0.945845 0.945844 0.945844 0.945844 0.945844
120 0.0530094 1.04336 1.03758 1.03002 1.02138 1.01336 1.00514 0.998186 0.992773 0.987084 0.980924 0.97632 0.971034 0.966946 0.962878 0.960057 0.956195 0.952775 0.950124 0.947975 0.946319 0.945957 0.945492 0.945488 0.945486 0.945484 0.945482 0.945481 0.94548 0.94548 0.945479 0.945479 0.945479 0.945479 0.945478 0.945478 0.945478 0.945478 0.945478
121 0 1.04328 1.03727 1.02972 1.02107 1.01305 1.00483 0.99787 0.992455 0.986764 0.980602 0.975996 0.970709 0.966619 0.96255 0.959728 0.955864 0.952443 0.949791 0.947642 0.945984 0.945623 0.945157 0.945154 0.945151 0.945149 0.945148 0.945147 0.945146 0.945145 0.945145 0.945144 0.945144 0.945144 0.945144 0.945144 0.945144 0.945144 0.945144
122 0.0424382 1.04315 1.03714 1.02958 1.02094 1.01291 1.00469 0.997733 0.992317 0.986626 0.980463 0.975856 0.970568 0.966478 0.962408 0.959585 0.955721 0.9523 0.949648 0.947498 0.94584 0.945479 0.945013 0.945009 0.945007 0.945005 0.945003 0.945002 0.945001 0.945001 0.945 0.945 0.945 0.945 0.945 0.944999 0.944999 0.944999 0.944999
123 0.0838153 1.04311 1.03711 1.02955 1.02091 1.01288 1.00466 0.9977 0.992285 0.986593 0.98043 0.975823 0.970535 0.966444 0.962375 0.959552 0.955687 0.952266 0.949613 0.947464 0.945806 0.945445 0.944978 0.944975 0.944973 0.944971 0.944969 0.944968 0.944967 0.944967 0.944966 0.944966 0.944966 0.944965 0.944965 0.944965 0.944965 0.944965 0.944965
124 0.0510392 1.04321 1.03782 1.03064 1.0219 1.01388 1.00567 0.998713 0.993303 0.987617 0.98146 0.976859 0.971576 0.96749 0.963424 0.960605 0.956745 0.953327 0.950677 0.94853 0.946874 0.946513 0.946048 0.946044 0.946042 0.94604 0.946038 0.946037 0.946036 0.946036 0.946035 0.946035 0.946035 0.946035 0.946034 0.946034 0.946034 0.946034 0.946034
125 0.0418808 1.04456 1.04185 1.03683 1.02942 1.02422 1.0193 1.01531 1.01112 1.00715 1.00131 0.995364 0.989276 0.985013 0.979964 0.977192 0.973399 0.97004 0.967437 0.965327 0.963701 0.963346 0.962889 0.962885 0.962883 0.962881 0.962879 0.962878 0.962877 0.962877 0.962876 0.962876 0.962876 0.962875 0.962875 0.962875 0.962875 0.962875 0.962875
126 0 1.05 1.05 1.05 1.05 1.05 1.05 1.05 1.05 1.05 1.05 1.05 1.05 1.05 1.05 1.05 1.05 1.05 1.05 1.05 1.05 1.05 1.05 1.05 1.05 1.05 1.05 1.05 1.05 1.05 1.05 1.05 1.05 1.05 1.05 1.05 1.05 1.05 1.05
